Function: (a * x1 * x2) + (b * x1^2) + (c * x2^2) + (d * x1) + (e * x2) + f
--------------------------------------------------
RegType: elastic
Inputs: H, RBI
Output: HR
status: 0
success: True
r_sq: 0.765184548935
njev: 23
nfev: 184
hess_inv: [[  8.84052132e-06  -3.30020420e-06  -3.56038214e-06   4.01008358e-04
   -8.48729159e-04   1.18478743e-04]
 [ -3.30020420e-06   1.59999242e-06   4.66309795e-07  -2.42635625e-04
    4.54313437e-04   3.42861135e-04]
 [ -3.56038214e-06   4.66309795e-07   4.99849098e-06   1.01565766e-04
   -2.15488374e-04   7.34238157e-06]
 [  4.01008358e-04  -2.42635625e-04   1.01565766e-04   4.43300143e-02
   -8.19841243e-02  -1.18533754e-01]
 [ -8.48729159e-04   4.54313437e-04  -2.15488374e-04  -8.19841243e-02
    1.72606589e-01  -1.94985961e-02]
 [  1.18478743e-04   3.42861135e-04   7.34238157e-06  -1.18533754e-01
   -1.94985961e-02   9.95218569e+00]]
fun: 7.16210028869
x: [ -1.49720878e-03   3.96666031e-04   1.32706989e-03  -1.02212247e-01
   4.50838615e-01  -4.83178713e-01]
message: Optimization terminated successfully.
jac: [  5.96046448e-07   1.25169754e-06   3.57627869e-07   1.19209290e-07
   2.38418579e-07   5.96046448e-08]
nit: 14

--------------------------------------------------
Function: (a * x1 * x2) + (b * x1^2) + (c * x2^2) + (d * x1) + (e * x2) + f
--------------------------------------------------
RegType: elastic
Inputs: AB, HR
Output: RBI
status: 0
success: True
r_sq: 0.764113825308
njev: 22
nfev: 176
hess_inv: [[  4.80240375e-06  -1.41988764e-07  -3.22960235e-06   7.72341554e-05
   -2.52801674e-03   1.01193761e-05]
 [ -1.41988764e-07   6.65158894e-09  -8.15153873e-09  -3.78168190e-06
    7.94933291e-05   3.22410623e-05]
 [ -3.22960235e-06  -8.15153873e-09   7.97298548e-05   4.92222408e-05
   -1.56116201e-03  -2.53148163e-05]
 [  7.72341554e-05  -3.78168190e-06   4.92222408e-05   2.23073707e-03
   -4.56664190e-02  -3.59188030e-02]
 [ -2.52801674e-03   7.94933291e-05  -1.56116201e-03  -4.56664190e-02
    1.48449419e+00  -3.75357026e-03]
 [  1.01193761e-05   3.22410623e-05  -2.53148163e-05  -3.59188030e-02
   -3.75357026e-03   9.88372259e+00]]
fun: 34.8984703332
x: [  1.99172893e-03  -5.47163620e-05  -1.13556902e-02   1.01525241e-01
   1.20967871e+00  -5.40682794e-01]
message: Optimization terminated successfully.
jac: [  0.00000000e+00   4.76837158e-07   4.76837158e-07   0.00000000e+00
   0.00000000e+00   0.00000000e+00]
nit: 16

--------------------------------------------------
Function: (a * x1 * x2) + (b * x1^2) + (c * x2^2) + (d * x1) + (e * x2) + f
--------------------------------------------------
RegType: elastic
Inputs: 2B, RBI
Output: HR
status: 0
success: True
r_sq: 0.743294853572
njev: 22
nfev: 176
hess_inv: [[  7.74406597e-05  -1.09719236e-04  -1.21066481e-05   4.35259998e-04
   -1.99437418e-04   1.71546691e-03]
 [ -1.09719236e-04   2.98578104e-04   1.53418737e-06  -8.72741023e-03
    2.88814908e-03   3.63912228e-03]
 [ -1.21066481e-05   1.53418737e-06   4.62381016e-06   9.13732703e-04
   -3.94671240e-04   3.71466569e-04]
 [  4.35259998e-04  -8.72741023e-03   9.13732703e-04   4.99140397e-01
   -1.70044801e-01  -3.62373696e-01]
 [ -1.99437418e-04   2.88814908e-03  -3.94671240e-04  -1.70044801e-01
    7.10164950e-02  -1.11351225e-01]
 [  1.71546691e-03   3.63912228e-03   3.71466569e-04  -3.62373696e-01
   -1.11351225e-01   9.40682467e+00]]
fun: 7.81297935941
x: [-0.00358584  0.00811651  0.0013688  -0.37640294  0.29038136 -0.83239662]
message: Optimization terminated successfully.
jac: [ -2.38418579e-07  -1.19209290e-07  -7.74860382e-07   5.96046448e-08
  -1.78813934e-07  -1.78813934e-07]
nit: 16

--------------------------------------------------
Function: (a * x1 * x2) + (b * x1^2) + (c * x2^2) + (d * x1) + (e * x2) + f
--------------------------------------------------
RegType: elastic
Inputs: R, HR
Output: RBI
status: 0
success: True
r_sq: 0.741776905147
njev: 22
nfev: 176
hess_inv: [[  1.03297579e-04  -1.84252946e-05  -8.43333653e-05   1.30113374e-03
   -5.57904015e-03  -7.41437561e-04]
 [ -1.84252946e-05   4.69259354e-06   9.40631522e-06  -3.87254298e-04
    1.20755280e-03   1.52752360e-03]
 [ -8.43333653e-05   9.40631522e-06   1.53958783e-04  -2.76705117e-04
    1.08518298e-03   1.82180112e-04]
 [  1.30113374e-03  -3.87254298e-04  -2.76705117e-04   3.66145028e-02
   -1.05704849e-01  -2.50269358e-01]
 [ -5.57904015e-03   1.20755280e-03   1.08518298e-03  -1.05704849e-01
    4.64414778e-01   5.79939075e-02]
 [ -7.41437561e-04   1.52752360e-03   1.82180112e-04  -2.50269358e-01
    5.79939075e-02   9.76463290e+00]]
fun: 38.3396385959
x: [ 0.01422828 -0.00658406 -0.02117301  1.02125747  1.39132677  0.10672013]
message: Optimization terminated successfully.
jac: [  4.76837158e-07   3.81469727e-06   0.00000000e+00   0.00000000e+00
   4.76837158e-07   0.00000000e+00]
nit: 13

--------------------------------------------------
Function: (a * x1 * x2) + (b * x1^2) + (c * x2^2) + (d * x1) + (e * x2) + f
--------------------------------------------------
RegType: elastic
Inputs: R, RBI
Output: HR
status: 0
success: True
r_sq: 0.740481591087
njev: 26
nfev: 208
hess_inv: [[  2.18855418e-05  -1.28644808e-05  -8.35055127e-06   5.77939406e-04
   -5.88632907e-04   3.96266584e-04]
 [ -1.28644808e-05   1.11821393e-05   1.92854157e-06  -8.70385973e-04
    8.16310011e-04   8.71746709e-04]
 [ -8.35055127e-06   1.92854157e-06   6.66224921e-06   2.55006609e-04
   -3.07361271e-04   1.40127851e-04]
 [  5.77939406e-04  -8.70385973e-04   2.55006609e-04   9.91438686e-02
   -9.36584245e-02  -1.82517330e-01]
 [ -5.88632907e-04   8.16310011e-04  -3.07361271e-04  -9.36584245e-02
    1.01697581e-01  -5.77470461e-02]
 [  3.96266584e-04   8.71746709e-04   1.40127851e-04  -1.82517330e-01
   -5.77470461e-02   9.73881371e+00]]
fun: 7.89386759903
x: [  2.79651200e-03  -1.95170144e-04  -5.34948774e-04  -1.21607256e-01
   2.08104707e-01  -6.23071195e-01]
message: Optimization terminated successfully.
jac: [ -7.68899918e-06  -7.92741776e-06  -7.98702240e-06  -1.19209290e-07
  -1.78813934e-07   0.00000000e+00]
nit: 17

--------------------------------------------------
Function: (a * x1 * x2) + (b * x1^2) + (c * x2^2) + (d * x1) + (e * x2) + f
--------------------------------------------------
RegType: elastic
Inputs: HR, SF
Output: RBI
status: 0
success: True
r_sq: 0.740405838033
njev: 20
nfev: 160
hess_inv: [[  2.42592191e-03  -1.61734523e-04  -3.71325265e-03  -4.20639405e-03
   -4.13769697e-04   2.95479283e-02]
 [ -1.61734523e-04   7.57432381e-05  -1.03225838e-05  -2.34155351e-03
    3.96045622e-03   3.75623244e-03]
 [ -3.71325265e-03  -1.03225838e-05   1.86513242e-02   1.99618529e-02
   -1.32887943e-01   6.21867408e-02]
 [ -4.20639405e-03  -2.34155351e-03   1.99618529e-02   1.28710721e-01
   -2.17058099e-01  -3.52840350e-01]
 [ -4.13769697e-04   3.96045622e-03  -1.32887943e-01  -2.17058099e-01
    1.64211239e+00  -1.48860375e+00]
 [  2.95479283e-02   3.75623244e-03   6.21867408e-02  -3.52840350e-01
   -1.48860375e+00   7.67263154e+00]]
fun: 44.1789314232
x: [-0.09430706 -0.01826027 -0.14735009  3.16065446  6.37246667  7.15428417]
message: Optimization terminated successfully.
jac: [ -1.90734863e-06  -3.33786011e-06  -1.43051147e-06  -4.76837158e-07
  -4.76837158e-07  -9.53674316e-07]
nit: 15

--------------------------------------------------
Function: (a * x1 * x2) + (b * x1^2) + (c * x2^2) + (d * x1) + (e * x2) + f
--------------------------------------------------
RegType: elastic
Inputs: RBI, height
Output: HR
status: 0
success: True
r_sq: 0.738698996952
njev: 25
nfev: 200
hess_inv: [[  5.24094692e-04  -1.68692315e-05  -4.97955877e-04  -3.54440415e-02
    3.47799849e-02   8.54623677e-04]
 [ -1.68692315e-05   4.11770498e-06   1.44603561e-05   5.74329297e-04
   -7.26881191e-04  -1.88092513e-05]
 [ -4.97955877e-04   1.44603561e-05   5.64349051e-04   3.37476501e-02
   -3.96481379e-02   8.99424070e-04]
 [ -3.54440415e-02   5.74329297e-04   3.37476501e-02   2.49078054e+00
   -2.40553108e+00  -5.89005918e-02]
 [  3.47799849e-02  -7.26881191e-04  -3.96481379e-02  -2.40553108e+00
    2.81408346e+00  -2.04945663e-01]
 [  8.54623677e-04  -1.88092513e-05   8.99424070e-04  -5.89005918e-02
   -2.04945663e-01   1.00009903e+01]]
fun: 7.92768333645
x: [ 0.00422257  0.00057446  0.00377865 -0.02535194 -0.3615562  -0.49538394]
message: Optimization terminated successfully.
jac: [  1.19209290e-07   1.78813934e-07   1.19209290e-07   5.96046448e-08
   1.19209290e-07   5.96046448e-08]
nit: 17

--------------------------------------------------
Function: (a * x1 * x2) + (b * x1^2) + (c * x2^2) + (d * x1) + (e * x2) + f
--------------------------------------------------
RegType: elastic
Inputs: RBI, GIDP
Output: HR
status: 0
success: True
r_sq: 0.738350604561
njev: 16
nfev: 128
hess_inv: [[  1.37174382e-04  -1.33303032e-05  -2.45025938e-04   5.01729836e-04
   -3.77239636e-03   3.36780744e-03]
 [ -1.33303032e-05   2.70403186e-06  -5.29229052e-07  -2.47897595e-04
    1.11063459e-03   8.23184623e-04]
 [ -2.45025938e-04  -5.29229052e-07   1.58512663e-03   3.23390232e-03
   -2.37457895e-02   4.38775878e-03]
 [  5.01729836e-04  -2.47897595e-04   3.23390232e-03   3.30203135e-02
   -1.44264757e-01  -1.81684954e-01]
 [ -3.77239636e-03   1.11063459e-03  -2.37457895e-02  -1.44264757e-01
    9.93724644e-01  -3.96426557e-01]
 [  3.36780744e-03   8.23184623e-04   4.38775878e-03  -1.81684954e-01
   -3.96426557e-01   9.47430676e+00]]
fun: 7.95946916002
x: [-0.00103351  0.00123957  0.00988309  0.21099063 -0.43659533 -0.89626267]
message: Optimization terminated successfully.
jac: [  8.34465027e-07   6.91413879e-06   1.78813934e-07  -2.98023224e-07
  -1.19209290e-07  -5.96046448e-08]
nit: 11

--------------------------------------------------
Function: (a * x1 * x2) + (b * x1^2) + (c * x2^2) + (d * x1) + (e * x2) + f
--------------------------------------------------
RegType: elastic
Inputs: HR, age
Output: RBI
status: 0
success: True
r_sq: 0.735184382901
njev: 22
nfev: 176
hess_inv: [[  1.07729083e-03  -4.44399481e-05  -5.78118318e-04  -2.94142733e-02
    1.55530186e-02   2.76016513e-02]
 [ -4.44399481e-05   7.94096452e-05  -5.64894841e-07  -2.05728315e-03
    8.10380876e-04   1.82017021e-03]
 [ -5.78118318e-04  -5.64894841e-07   4.76016835e-04   1.70238882e-02
   -1.39323502e-02  -7.67040317e-03]
 [ -2.94142733e-02  -2.05728315e-03   1.70238882e-02   9.57539553e-01
   -5.01597039e-01  -8.95341696e-01]
 [  1.55530186e-02   8.10380876e-04  -1.39323502e-02  -5.01597039e-01
    4.34716163e-01  -6.79682418e-02]
 [  2.76016513e-02   1.82017021e-03  -7.67040317e-03  -8.95341696e-01
   -6.79682418e-02   9.38189523e+00]]
fun: 39.8217803681
x: [-0.00783188 -0.00890292 -0.03122663  2.47685498  2.25481316 -0.27753735]
message: Optimization terminated successfully.
jac: [ -9.53674316e-07  -4.76837158e-07  -9.53674316e-07   9.53674316e-06
  -4.29153442e-06   9.53674316e-07]
nit: 14

--------------------------------------------------
Function: (a * x1 * x2) + (b * x1^2) + (c * x2^2) + (d * x1) + (e * x2) + f
--------------------------------------------------
RegType: elastic
Inputs: RBI, CS
Output: HR
status: 0
success: True
r_sq: 0.731806391499
njev: 17
nfev: 136
hess_inv: [[  1.37479099e-04  -5.31114411e-06   1.25312254e-04   3.29679353e-04
   -1.01296659e-02   5.29793316e-03]
 [ -5.31114411e-06   1.17468611e-06  -1.44865425e-05  -1.26009099e-04
    6.64018192e-04   1.06631781e-03]
 [  1.25312254e-04  -1.44865425e-05   1.59483332e-03   1.84411867e-03
   -3.40795076e-02   7.76371364e-03]
 [  3.29679353e-04  -1.26009099e-04   1.84411867e-03   1.55046481e-02
   -6.44159768e-02  -2.08077421e-01]
 [ -1.01296659e-02   6.64018192e-04  -3.40795076e-02  -6.44159768e-02
    1.25875541e+00  -5.38331479e-01]
 [  5.29793316e-03   1.06631781e-03   7.76371364e-03  -2.08077421e-01
   -5.38331479e-01   9.59808172e+00]]
fun: 8.14950102478
x: [ 0.00311874  0.00123582  0.00933385  0.16285903 -0.52758126 -0.70017552]
message: Optimization terminated successfully.
jac: [  1.19209290e-07   0.00000000e+00   0.00000000e+00   2.38418579e-07
   0.00000000e+00   1.19209290e-07]
nit: 13

--------------------------------------------------
Function: (a * x1 * x2) + (b * x1^2) + (c * x2^2) + (d * x1) + (e * x2) + f
--------------------------------------------------
RegType: elastic
Inputs: RBI, SB
Output: HR
status: 0
success: True
r_sq: 0.729893926434
njev: 28
nfev: 224
hess_inv: [[  1.85213108e-05  -1.70989001e-06   5.33215919e-06   1.08288083e-04
   -1.36964777e-03   1.80035796e-03]
 [ -1.70989001e-06   1.04740672e-06  -1.13554990e-06  -1.12113451e-04
    1.88832734e-04   1.17140539e-03]
 [  5.33215919e-06  -1.13554990e-06   1.47079714e-05   1.34609737e-04
   -1.10361618e-03   8.15291979e-04]
 [  1.08288083e-04  -1.12113451e-04   1.34609737e-04   1.37940301e-02
   -1.70620796e-02  -2.21782177e-01]
 [ -1.36964777e-03   1.88832734e-04  -1.10361618e-03  -1.70620796e-02
    1.49590635e-01  -1.77007895e-01]
 [  1.80035796e-03   1.17140539e-03   8.15291979e-04  -2.21782177e-01
   -1.77007895e-01   9.75136035e+00]]
fun: 8.21304872463
x: [ 0.00117809  0.00134095  0.00109205  0.14981728 -0.17567909 -0.76419457]
message: Optimization terminated successfully.
jac: [ -2.38418579e-07  -2.74181366e-06  -1.19209290e-07   0.00000000e+00
   1.19209290e-07   0.00000000e+00]
nit: 18

--------------------------------------------------
Function: (a * x1 * x2) + (b * x1^2) + (c * x2^2) + (d * x1) + (e * x2) + f
--------------------------------------------------
RegType: elastic
Inputs: HR, GIDP
Output: RBI
status: 0
success: True
r_sq: 0.727921627343
njev: 23
nfev: 184
hess_inv: [[  5.25418984e-04  -4.61562191e-05  -4.17994805e-04  -4.07193939e-03
    2.73700662e-03   1.20636843e-02]
 [ -4.61562191e-05   7.61110220e-05  -3.70161074e-05  -2.61028156e-03
    2.25036657e-03   1.97954654e-03]
 [ -4.17994805e-04  -3.70161074e-05   1.03757616e-03   7.18794728e-03
   -1.85862539e-02   2.23138275e-02]
 [ -4.07193939e-03  -2.61028156e-03   7.18794728e-03   1.69621334e-01
   -1.56144913e-01  -2.57672616e-01]
 [  2.73700662e-03   2.25036657e-03  -1.85862539e-02  -1.56144913e-01
    4.54526926e-01  -9.20604162e-01]
 [  1.20636843e-02   1.97954654e-03   2.23138275e-02  -2.57672616e-01
   -9.20604162e-01   8.56498113e+00]]
fun: 42.382499901
x: [-0.03541847 -0.01327485 -0.0730642   2.90578542  3.67688222  3.66231057]
message: Optimization terminated successfully.
jac: [  0.00000000e+00  -9.53674316e-07   4.76837158e-07   0.00000000e+00
   9.53674316e-07   9.53674316e-07]
nit: 17

--------------------------------------------------
Function: (a * x1 * x2) + (b * x1^2) + (c * x2^2) + (d * x1) + (e * x2) + f
--------------------------------------------------
RegType: elastic
Inputs: HR, BB
Output: RBI
status: 0
success: True
r_sq: 0.680550176013
njev: 21
nfev: 168
hess_inv: [[  4.45295400e-05  -3.82287589e-05  -9.42308007e-06  -1.14980903e-03
    3.72266649e-04   1.52905068e-03]
 [ -3.82287589e-05   1.10869658e-04   2.48062800e-06  -2.20192374e-03
    3.97951533e-04   9.67629200e-04]
 [ -9.42308007e-06   2.48062800e-06   3.50661515e-06   4.90746857e-04
   -2.43927063e-04   1.15883819e-03]
 [ -1.14980903e-03  -2.20192374e-03   4.90746857e-04   1.79218234e-01
   -4.56350125e-02  -1.56796050e-01]
 [  3.72266649e-04   3.97951533e-04  -2.43927063e-04  -4.56350125e-02
    2.44741836e-02  -2.11575867e-01]
 [  1.52905068e-03   9.67629200e-04   1.15883819e-03  -1.56796050e-01
   -2.11575867e-01   8.61540794e+00]]
fun: 49.0021284641
x: [-0.00629389 -0.01129218 -0.00463752  2.81866328  0.84575381  4.61708467]
message: Optimization terminated successfully.
jac: [  4.76837158e-07   1.43051147e-06   9.53674316e-07   1.43051147e-06
   9.53674316e-07   9.53674316e-07]
nit: 14

--------------------------------------------------
Function: (a * x1 * x2) + (b * x1^2) + (c * x2^2) + (d * x1) + (e * x2) + f
--------------------------------------------------
RegType: elastic
Inputs: HR, SO
Output: RBI
status: 0
success: True
r_sq: 0.680426573063
njev: 21
nfev: 168
hess_inv: [[  3.07951261e-05  -3.10097695e-05  -4.86314327e-06  -1.40345256e-03
    3.03326637e-04   5.95886369e-04]
 [ -3.10097695e-05   1.13975912e-04   2.25348172e-06  -2.17587415e-03
    2.65613489e-04   7.23523920e-05]
 [ -4.86314327e-06   2.25348172e-06   1.14639542e-06   3.43715328e-04
   -1.08747396e-04   7.63008365e-04]
 [ -1.40345256e-03  -2.17587415e-03   3.43715328e-04   2.42139695e-01
   -4.39879890e-02  -5.62468155e-02]
 [  3.03326637e-04   2.65613489e-04  -1.08747396e-04  -4.39879890e-02
    1.48209962e-02  -1.75419815e-01]
 [  5.95886369e-04   7.23523920e-05   7.63008365e-04  -5.62468155e-02
   -1.75419815e-01   8.81240174e+00]]
fun: 48.8863221682
x: [ -1.02384247e-03  -1.18208156e-02  -3.60835547e-03   2.59254225e+00
   7.00799678e-01   4.53161288e+00]
message: Optimization terminated successfully.
jac: [  1.90734863e-06   9.53674316e-07   3.81469727e-06   0.00000000e+00
   0.00000000e+00   4.76837158e-07]
nit: 14

--------------------------------------------------
Function: (a * x1 * x2) + (b * x1^2) + (c * x2^2) + (d * x1) + (e * x2) + f
--------------------------------------------------
RegType: elastic
Inputs: AB, IBB
Output: H
status: 0
success: True
r_sq: 0.665714846653
njev: 22
nfev: 176
hess_inv: [[  1.31371291e-05  -1.28960181e-07   1.98074980e-05   7.24751426e-05
   -7.50910577e-03  -1.71166279e-05]
 [ -1.28960181e-07   3.60381326e-09  -2.10120147e-07  -2.09208685e-06
    7.55807156e-05   3.27948505e-05]
 [  1.98074980e-05  -2.10120147e-07   1.12633304e-04   1.33669678e-04
   -1.37223382e-02  -1.34912366e-04]
 [  7.24751426e-05  -2.09208685e-06   1.33669678e-04   1.26176207e-03
   -4.36099950e-02  -3.62612379e-02]
 [ -7.50910577e-03   7.55807156e-05  -1.37223382e-02  -4.36099950e-02
    4.42905115e+00   1.32577634e-02]
 [ -1.71166279e-05   3.27948505e-05  -1.34912366e-04  -3.62612379e-02
    1.32577634e-02   9.91099724e+00]]
fun: 47.423242354
x: [  2.16504078e-03   1.17637835e-04   7.17647766e-04   2.07038849e-01
  -4.63975732e-01  -4.62335687e-01]
message: Optimization terminated successfully.
jac: [  0.00000000e+00  -4.76837158e-07   0.00000000e+00   9.53674316e-07
   4.76837158e-07  -4.76837158e-07]
nit: 16

--------------------------------------------------
Function: (a * x1 * x2) + (b * x1^2) + (c * x2^2) + (d * x1) + (e * x2) + f
--------------------------------------------------
RegType: elastic
Inputs: G, H
Output: avg
status: 0
success: True
r_sq: 0.661648858058
njev: 26
nfev: 208
hess_inv: [[  7.48120699e-05  -6.32273387e-05  -1.36732366e-05   7.20926731e-03
   -6.86869822e-03  -4.28076394e-04]
 [ -6.32273387e-05   5.85985176e-05   7.92992753e-06  -7.43420682e-03
    6.92521696e-03   8.89960649e-04]
 [ -1.36732366e-05   7.92992753e-06   5.70920845e-06  -2.64950490e-04
    2.55682567e-04   1.55999531e-05]
 [  7.20926731e-03  -7.43420682e-03  -2.64950490e-04   1.06736103e+00
   -9.93405477e-01  -1.95429681e-01]
 [ -6.86869822e-03   6.92521696e-03   2.55682567e-04  -9.93405477e-01
    9.46813996e-01   5.86682124e-02]
 [ -4.28076395e-04   8.89960649e-04   1.55999534e-05  -1.95429681e-01
    5.86682124e-02   9.74277433e+00]]
fun: -0.0119513174336
x: [ -3.72909709e-05   6.81880669e-06   2.61033965e-07   3.01869293e-03
   6.64642390e-03  -4.93832212e-01]
message: Optimization terminated successfully.
jac: [  7.79982656e-08  -1.66182872e-06   1.93796586e-06   2.32830644e-08
  -4.65661287e-10   8.14907253e-09]
nit: 18

--------------------------------------------------
Function: (a * x1 * x2) + (b * x1^2) + (c * x2^2) + (d * x1) + (e * x2) + f
--------------------------------------------------
RegType: elastic
Inputs: HR, SH
Output: RBI
status: 0
success: True
r_sq: 0.658437586357
njev: 19
nfev: 152
hess_inv: [[  2.04043199e-03   8.58581580e-05   4.73700269e-04  -5.23218727e-03
   -2.20313328e-02   3.77101884e-02]
 [  8.58581580e-05   6.03979270e-05  -3.09998007e-05  -2.27865211e-03
    6.50280269e-05   9.87190760e-03]
 [  4.73700269e-04  -3.09998007e-05   1.75241732e-03   4.56998399e-04
   -2.85637941e-02   2.76009959e-02]
 [ -5.23218727e-03  -2.27865211e-03   4.56998399e-04   1.00420981e-01
    3.23065485e-02  -6.06964118e-01]
 [ -2.20313328e-02   6.50280269e-05  -2.85637941e-02   3.23065485e-02
    6.86056232e-01  -1.07165524e+00]
 [  3.77101884e-02   9.87190760e-03   2.76009959e-02  -6.06964118e-01
   -1.07165524e+00   8.24810257e+00]]
fun: 55.6001952964
x: [-0.17513598 -0.04958382 -0.08811403  4.69246241  3.79097937  7.2880438 ]
message: Optimization terminated successfully.
jac: [  1.43051147e-06   2.38418579e-06   4.76837158e-07   1.90734863e-06
   0.00000000e+00   4.76837158e-07]
nit: 16

--------------------------------------------------
Function: (a * x1 * x2) + (b * x1^2) + (c * x2^2) + (d * x1) + (e * x2) + f
--------------------------------------------------
RegType: elastic
Inputs: HR, CS
Output: RBI
status: 0
success: True
r_sq: 0.653547558861
njev: 19
nfev: 152
hess_inv: [[  7.52631262e-04  -1.47769811e-05   2.27147639e-04  -1.89157308e-03
   -1.13934714e-02   2.54940270e-02]
 [ -1.47769811e-05   5.86612389e-05  -6.73072353e-05  -2.14425153e-03
    1.58261766e-03   7.00886802e-03]
 [  2.27147639e-04  -6.73072353e-05   1.45908645e-03   2.59421007e-03
   -2.55486473e-02   2.47845536e-02]
 [ -1.89157308e-03  -2.14425153e-03   2.59421007e-03   9.82045431e-02
   -3.49711678e-02  -4.96104047e-01]
 [ -1.13934714e-02   1.58261766e-03  -2.55486473e-02  -3.49711678e-02
    6.06117724e-01  -9.48444553e-01]
 [  2.54940270e-02   7.00886802e-03   2.47845536e-02  -4.96104047e-01
   -9.48444553e-01   7.91511561e+00]]
fun: 56.1903353534
x: [-0.1017092  -0.03752356 -0.10051813  4.25371478  3.60810285  7.49283473]
message: Optimization terminated successfully.
jac: [  4.76837158e-07  -4.29153442e-06   0.00000000e+00   4.76837158e-07
   9.53674316e-07   9.53674316e-07]
nit: 15

--------------------------------------------------
Function: (a * x1 * x2) + (b * x1^2) + (c * x2^2) + (d * x1) + (e * x2) + f
--------------------------------------------------
RegType: elastic
Inputs: AB, SH
Output: H
status: 0
success: True
r_sq: 0.651424526888
njev: 20
nfev: 160
hess_inv: [[  1.88137318e-05  -1.08969144e-07  -3.61600751e-05   5.86669485e-05
   -9.77534905e-03  -1.63803065e-06]
 [ -1.08969144e-07   2.95280611e-09   6.08925660e-08  -1.70268107e-06
    5.93267618e-05   3.28027460e-05]
 [ -3.61600751e-05   6.08925660e-08   1.74397638e-03   2.86561051e-05
   -5.66260887e-03   1.01182099e-04]
 [  5.86669485e-05  -1.70268107e-06   2.86561051e-05   1.02630886e-03
   -3.35235432e-02  -3.63461956e-02]
 [ -9.77534905e-03   5.93267618e-05  -5.66260887e-03  -3.35235432e-02
    5.55194659e+00  -1.00949217e-03]
 [ -1.63803065e-06   3.28027460e-05   1.01182099e-04  -3.63461956e-02
   -1.00949217e-03   9.97223312e+00]]
fun: 49.4534589332
x: [ -7.11560523e-04   1.22716304e-04   2.67070685e-02   2.16300716e-01
  -6.12621353e-01  -4.67022652e-01]
message: Optimization terminated successfully.
jac: [  9.53674316e-07  -1.43051147e-06   4.76837158e-07  -4.76837158e-07
   4.76837158e-07   0.00000000e+00]
nit: 15

--------------------------------------------------
Function: (a * x1 * x2) + (b * x1^2) + (c * x2^2) + (d * x1) + (e * x2) + f
--------------------------------------------------
RegType: elastic
Inputs: AB, HBP
Output: H
status: 0
success: True
r_sq: 0.639683003409
njev: 21
nfev: 168
hess_inv: [[  2.01372694e-05  -1.48788363e-07  -3.32010918e-05   7.89908086e-05
   -1.04149073e-02  -9.35223746e-07]
 [ -1.48788363e-07   3.42465697e-09   1.05631086e-07  -1.95634240e-06
    8.00853066e-05   3.29141271e-05]
 [ -3.32010918e-05   1.05631086e-07   1.39860542e-03   4.28196311e-05
   -5.51328924e-03  -3.42199423e-05]
 [  7.89908086e-05  -1.95634240e-06   4.28196311e-05   1.17196466e-03
   -4.52405741e-02  -3.64721629e-02]
 [ -1.04149073e-02   8.00853066e-05  -5.51328924e-03  -4.52405741e-02
    5.90149348e+00   1.92831835e-03]
 [ -9.35223746e-07   3.29141271e-05  -3.42199423e-05  -3.64721629e-02
    1.92831835e-03   9.99916325e+00]]
fun: 51.1193258225
x: [  1.01849148e-03   1.17554866e-04  -4.43167202e-03   2.12781479e-01
  -2.93765936e-01  -4.68543445e-01]
message: Optimization terminated successfully.
jac: [ -4.76837158e-07   0.00000000e+00   4.76837158e-07  -4.76837158e-07
   4.76837158e-07   0.00000000e+00]
nit: 15

--------------------------------------------------
Function: (a * x1 * x2) + (b * x1^2) + (c * x2^2) + (d * x1) + (e * x2) + f
--------------------------------------------------
RegType: elastic
Inputs: AB, CS
Output: H
status: 0
success: True
r_sq: 0.638720172848
njev: 21
nfev: 168
hess_inv: [[  1.79762517e-05  -1.76446633e-07  -5.59603451e-05   9.28665039e-05
   -8.99601253e-03  -5.76062812e-05]
 [ -1.76446633e-07   4.07351972e-09   3.86495900e-07  -2.27688310e-06
    8.97462702e-05   3.34836323e-05]
 [ -5.59603451e-05   3.86495900e-07   1.66649931e-03  -8.49232796e-05
    2.46538464e-03   7.07852473e-05]
 [  9.28665039e-05  -2.27688310e-06  -8.49232796e-05   1.33173769e-03
   -5.01964865e-02  -3.67634915e-02]
 [ -8.99601253e-03   8.97462702e-05   2.46538464e-03  -5.01964865e-02
    5.04084849e+00   2.97079089e-02]
 [ -5.76062812e-05   3.34836323e-05   7.07852473e-05  -3.67634915e-02
    2.97079089e-02   1.00002222e+01]]
fun: 51.2677572247
x: [  1.03453242e-04   1.22403767e-04  -2.67782257e-03   2.11335351e-01
   2.91521720e-02  -4.70995378e-01]
message: Optimization terminated successfully.
jac: [ -9.53674316e-07  -2.38418579e-06   0.00000000e+00   4.76837158e-07
   0.00000000e+00   0.00000000e+00]
nit: 15

--------------------------------------------------
Function: (a * x1 * x2) + (b * x1^2) + (c * x2^2) + (d * x1) + (e * x2) + f
--------------------------------------------------
RegType: elastic
Inputs: H, SH
Output: AB
status: 0
success: True
r_sq: 0.637670656153
njev: 20
nfev: 160
hess_inv: [[  1.40748377e-04  -2.48661008e-06  -4.58450714e-05   3.76661411e-04
   -2.03534884e-02   4.12033271e-04]
 [ -2.48661008e-06   2.10432818e-07  -1.20736693e-06  -3.67959474e-05
    4.12987776e-04   4.28605877e-04]
 [ -4.58450714e-05  -1.20736693e-06   1.68174939e-03   4.01244475e-04
   -1.77161781e-02   3.76934690e-04]
 [  3.76661411e-04  -3.67959474e-05   4.01244475e-04   6.99113946e-03
   -6.82791732e-02  -1.38105738e-01]
 [ -2.03534884e-02   4.12987776e-04  -1.77161781e-02  -6.82791732e-02
    3.41477292e+00  -6.94380432e-02]
 [  4.12033271e-04   4.28605877e-04   3.76934690e-04  -1.38105738e-01
   -6.94380432e-02   1.08743113e+01]]
fun: 274.922598517
x: [ 0.00652516 -0.01058799 -0.04262166  5.20226565  1.01191163  0.52321387]
message: Optimization terminated successfully.
jac: [  0.00000000e+00   3.81469727e-06   0.00000000e+00   0.00000000e+00
  -3.81469727e-06   0.00000000e+00]
nit: 15

--------------------------------------------------
Function: (a * x1 * x2) + (b * x1^2) + (c * x2^2) + (d * x1) + (e * x2) + f
--------------------------------------------------
RegType: elastic
Inputs: H, HBP
Output: AB
status: 0
success: True
r_sq: 0.626550408757
njev: 25
nfev: 200
hess_inv: [[  1.53088466e-04  -3.86793462e-06  -9.02838443e-05   5.67215252e-04
   -2.19370612e-02   1.34888057e-03]
 [ -3.86793462e-06   2.59656086e-07   5.17331784e-07  -4.36720284e-05
    5.95836479e-04   3.84986302e-04]
 [ -9.02838443e-05   5.17331784e-07   1.39136798e-03   2.75470252e-04
   -9.62665357e-03   2.46382270e-04]
 [  5.67215252e-04  -4.36720284e-05   2.75470252e-04   8.03687240e-03
   -9.70984120e-02  -1.28374527e-01]
 [ -2.19370612e-02   5.95836479e-04  -9.62665357e-03  -9.70984120e-02
    3.65622068e+00  -2.16632765e-01]
 [  1.34888057e-03   3.84986302e-04   2.46382270e-04  -1.28374527e-01
   -2.16632765e-01   1.04408897e+01]]
fun: 283.365947575
x: [ -7.93086618e-03  -1.05924455e-02  -2.82599399e-03   5.23718938e+00
   1.24678389e+00   5.23916308e-01]
message: Optimization terminated successfully.
jac: [  0.00000000e+00   3.81469727e-06   0.00000000e+00   0.00000000e+00
  -3.81469727e-06   0.00000000e+00]
nit: 15

--------------------------------------------------
Function: (a * x1 * x2) + (b * x1^2) + (c * x2^2) + (d * x1) + (e * x2) + f
--------------------------------------------------
RegType: elastic
Inputs: HR, HBP
Output: RBI
status: 0
success: True
r_sq: 0.625651295644
njev: 17
nfev: 136
hess_inv: [[  9.38103017e-04  -1.10364333e-04  -1.16887088e-04   8.22823218e-04
   -1.51460797e-02   1.89685105e-02]
 [ -1.10364333e-04   7.03601072e-05  -3.18587955e-05  -2.30064380e-03
    2.96837817e-03   6.37525429e-03]
 [ -1.16887088e-04  -3.18587955e-05   1.30930515e-03   2.73281234e-03
   -1.96090707e-02   1.31286384e-02]
 [  8.22823218e-04  -2.30064380e-03   2.73281234e-03   9.97386230e-02
   -9.21729175e-02  -4.36546267e-01]
 [ -1.51460797e-02   2.96837817e-03  -1.96090707e-02  -9.21729175e-02
    7.32171425e-01  -7.18462408e-01]
 [  1.89685105e-02   6.37525429e-03   1.31286384e-02  -4.36546267e-01
   -7.18462408e-01   6.65201843e+00]]
fun: 65.0850158961
x: [ -0.06967883  -0.03438357  -0.05530401   3.96832768   2.72213772
  12.48435655]
message: Optimization terminated successfully.
jac: [  9.53674316e-07   3.81469727e-06   0.00000000e+00   9.53674316e-07
  -9.53674316e-07  -9.53674316e-07]
nit: 13

--------------------------------------------------
Function: (a * x1 * x2) + (b * x1^2) + (c * x2^2) + (d * x1) + (e * x2) + f
--------------------------------------------------
RegType: elastic
Inputs: R, avg
Output: H
status: 0
success: True
r_sq: 0.623617402754
njev: 18
nfev: 144
hess_inv: [[  4.80451355e-01  -3.64046086e-04  -1.00757279e-01  -1.04369148e-01
   -8.16202637e-02  -2.85071262e-03]
 [ -3.64046086e-04   1.30528271e-06   1.56015703e-04  -2.87869556e-05
    3.41985789e-04   1.37687076e-03]
 [ -1.00757279e-01   1.56015703e-04   6.67894250e+00   1.93897074e-03
    4.27916163e+00  -6.50116488e-01]
 [ -1.04369148e-01  -2.87869556e-05   1.93897074e-03   3.55035068e-02
   -3.60079772e-02  -2.37813846e-01]
 [ -8.16202637e-02   3.41985789e-04   4.27916163e+00  -3.60079772e-02
    4.43355989e+00   8.49282470e-01]
 [ -2.85071262e-03   1.37687076e-03  -6.50116488e-01  -2.37813846e-01
    8.49282470e-01   9.64711961e+00]]
fun: 55.8014417347
x: [ 5.83745973 -0.01623519 -0.34250788  1.61484257  0.07532223  1.52984801]
message: Optimization terminated successfully.
jac: [  0.00000000e+00   4.76837158e-06   0.00000000e+00   0.00000000e+00
  -4.76837158e-07  -9.53674316e-07]
nit: 15

--------------------------------------------------
Function: (a * x1 * x2) + (b * x1^2) + (c * x2^2) + (d * x1) + (e * x2) + f
--------------------------------------------------
RegType: elastic
Inputs: G, 2B
Output: AB
status: 0
success: True
r_sq: 0.617290744979
njev: 25
nfev: 200
hess_inv: [[  2.62300070e-04  -4.52204094e-05  -1.32444831e-04   6.02033067e-03
   -3.12082897e-02  -3.11295379e-03]
 [ -4.52204094e-05   9.21775864e-06   1.37904557e-05  -1.29715407e-03
    5.88732389e-03   1.10828893e-03]
 [ -1.32444831e-04   1.37904557e-05   2.98829574e-04  -4.78848309e-04
    2.33088110e-03   2.47490912e-04]
 [  6.02033067e-03  -1.29715407e-03  -4.78848309e-04   1.92008020e-01
   -8.68465392e-01  -2.37648849e-01]
 [ -3.12082897e-02   5.88732389e-03   2.33088110e-03  -8.68465392e-01
    4.52424759e+00   4.49556889e-01]
 [ -3.11295379e-03   1.10828893e-03   2.47490912e-04  -2.37648849e-01
    4.49556889e-01   1.09699473e+01]]
fun: 289.205271648
x: [  1.42020751e-02   1.62842044e-03  -2.24758015e-02   3.08801613e+00
   6.08553279e-01  -2.52456028e-01]
message: Optimization terminated successfully.
jac: [ -3.81469727e-06  -3.81469727e-06   3.81469727e-06   0.00000000e+00
   0.00000000e+00   3.81469727e-06]
nit: 18

--------------------------------------------------
Function: (a * x1 * x2) + (b * x1^2) + (c * x2^2) + (d * x1) + (e * x2) + f
--------------------------------------------------
RegType: elastic
Inputs: AB, IBB
Output: G
status: 0
success: True
r_sq: 0.614093165095
njev: 21
nfev: 168
hess_inv: [[  1.31249530e-05  -1.28742663e-07   1.97850990e-05   7.22977592e-05
   -7.50192053e-03   1.25643092e-05]
 [ -1.28742663e-07   3.60109011e-09  -2.09722852e-07  -2.09021474e-06
    7.54524370e-05   3.26224883e-05]
 [  1.97850990e-05  -2.09722852e-07   1.12592100e-04   1.33346513e-04
   -1.37091204e-02  -8.11709335e-05]
 [  7.22977592e-05  -2.09021474e-06   1.33346513e-04   1.26062417e-03
   -4.35054090e-02  -3.62278928e-02]
 [ -7.50192053e-03   7.54524370e-05  -1.37091204e-02  -4.35054090e-02
    4.42481107e+00  -4.23267988e-03]
 [  1.25643092e-05   3.26224883e-05  -8.11709335e-05  -3.62278928e-02
   -4.23267988e-03   9.94873555e+00]]
fun: 9.40850739309
x: [  4.77442810e-04  -2.44537974e-04  -4.70967579e-04   4.02271150e-01
   6.34708903e-02  -5.17680855e-01]
message: Optimization terminated successfully.
jac: [  2.38418579e-07   4.41074371e-06   1.19209290e-07   2.38418579e-07
   2.38418579e-07  -1.19209290e-07]
nit: 15

--------------------------------------------------
Function: (a * x1 * x2) + (b * x1^2) + (c * x2^2) + (d * x1) + (e * x2) + f
--------------------------------------------------
RegType: elastic
Inputs: AB, avg
Output: G
status: 0
success: True
r_sq: 0.60241420879
njev: 20
nfev: 160
hess_inv: [[  9.77495025e-03  -1.24825843e-06  -1.49036040e-02  -2.02328396e-03
   -9.63561946e-03  -2.34984964e-03]
 [ -1.24825843e-06   2.47041021e-09   2.72929814e-06  -1.09405925e-06
    8.97735968e-06   3.29949962e-05]
 [ -1.49036040e-02   2.72929814e-06   8.14250501e+00   1.18055536e-03
    3.56412638e+00  -8.24831323e-01]
 [ -2.02328396e-03  -1.09405925e-06   1.18055536e-03   1.25063761e-03
   -7.22899326e-03  -3.58791030e-02]
 [ -9.63561946e-03   8.97735968e-06   3.56412638e+00  -7.22899326e-03
    3.22193698e+00   1.53618545e+00]
 [ -2.34984964e-03   3.29949962e-05  -8.24831323e-01  -3.58791030e-02
    1.53618545e+00   9.65081112e+00]]
fun: 9.66241259124
x: [ -8.80762779e-02  -2.35727533e-04  -5.03945913e-01   4.25577706e-01
  -5.14017429e-01  -5.15870149e-01]
message: Optimization terminated successfully.
jac: [  2.38418579e-07  -7.74860382e-06   0.00000000e+00   1.19209290e-07
   0.00000000e+00   0.00000000e+00]
nit: 13

--------------------------------------------------
Function: (a * x1 * x2) + (b * x1^2) + (c * x2^2) + (d * x1) + (e * x2) + f
--------------------------------------------------
RegType: elastic
Inputs: AB, RBI
Output: G
status: 0
success: True
r_sq: 0.600568329918
njev: 22
nfev: 176
hess_inv: [[  1.29643046e-06  -1.52948190e-07  -8.40129414e-07   7.71769356e-05
   -5.92337058e-04   1.91665600e-05]
 [ -1.52948190e-07   2.17368606e-08   2.92046853e-08  -1.19500172e-05
    8.10282767e-05   3.04622701e-05]
 [ -8.40129414e-07   2.92046853e-08   4.09590326e-06   2.45844257e-05
   -1.73138048e-04  -3.78922465e-06]
 [  7.71769356e-05  -1.19500172e-05   2.45844257e-05   7.08270473e-03
   -4.75569032e-02  -3.51750674e-02]
 [ -5.92337058e-04   8.10282767e-05  -1.73138048e-04  -4.75569032e-02
    3.61624943e-01  -9.69364379e-03]
 [  1.91665600e-05   3.04622701e-05  -3.78922465e-06  -3.51750674e-02
   -9.69364379e-03   9.99346942e+00]]
fun: 9.7286900838
x: [  5.08477699e-04  -3.06994423e-04  -1.82688288e-04   4.32439764e-01
  -2.09455725e-01  -5.06315663e-01]
message: Optimization terminated successfully.
jac: [  2.38418579e-07   8.34465027e-07   0.00000000e+00   2.38418579e-07
   1.19209290e-07   1.19209290e-07]
nit: 14

--------------------------------------------------
Function: (a * x1 * x2) + (b * x1^2) + (c * x2^2) + (d * x1) + (e * x2) + f
--------------------------------------------------
RegType: elastic
Inputs: AB, 2B
Output: G
status: 0
success: True
r_sq: 0.590018180382
njev: 20
nfev: 160
hess_inv: [[  1.30093409e-05  -5.52154617e-07  -3.82100868e-05   2.51094147e-04
   -4.98822837e-03  -3.41896555e-05]
 [ -5.52154617e-07   2.73165235e-08   1.01739936e-06  -1.36951952e-05
    2.46092469e-04   3.45783299e-05]
 [ -3.82100868e-05   1.01739936e-06   3.46287131e-04  -7.11577092e-05
    1.05604160e-03  -1.53663918e-05]
 [  2.51094147e-04  -1.36951952e-05  -7.11577092e-05   7.62580621e-03
   -1.36461113e-01  -3.74180214e-02]
 [ -4.98822837e-03   2.46092469e-04   1.05604160e-03  -1.36461113e-01
    2.73951083e+00   2.06306721e-02]
 [ -3.41896555e-05   3.45783299e-05  -1.53663918e-05  -3.74180214e-02
    2.06306721e-02   9.98434410e+00]]
fun: 9.98936898711
x: [  1.44123603e-03  -3.19555373e-04   6.12617924e-04   4.49274146e-01
  -8.61013384e-01  -5.20867417e-01]
message: Optimization terminated successfully.
jac: [  1.19209290e-07  -9.05990601e-06   0.00000000e+00  -1.19209290e-07
   4.76837158e-07   0.00000000e+00]
nit: 15

--------------------------------------------------
Function: (a * x1 * x2) + (b * x1^2) + (c * x2^2) + (d * x1) + (e * x2) + f
--------------------------------------------------
RegType: elastic
Inputs: AB, SH
Output: G
status: 0
success: True
r_sq: 0.589917587958
njev: 20
nfev: 160
hess_inv: [[  1.87851799e-05  -1.08868552e-07  -3.61795587e-05   5.86477191e-05
   -9.75908769e-03  -2.27630166e-05]
 [ -1.08868552e-07   2.95324514e-09   6.10879435e-08  -1.70346046e-06
    5.92675885e-05   3.31028744e-05]
 [ -3.61795587e-05   6.10879435e-08   1.74400670e-03   2.85654289e-05
   -5.65213478e-03   9.13292679e-05]
 [  5.86477191e-05  -1.70346046e-06   2.85654289e-05   1.02721578e-03
   -3.35114318e-02  -3.66089015e-02]
 [ -9.75908769e-03   5.92675885e-05  -5.65213478e-03  -3.35114318e-02
    5.54269401e+00   1.09503657e-02]
 [ -2.27630166e-05   3.31028744e-05   9.13292679e-05  -3.66089015e-02
    1.09503657e-02   1.00244108e+01]]
fun: 10.0286513383
x: [ -1.22076699e-03  -2.40324930e-04   1.28088547e-02   4.03779634e-01
   4.70388411e-01  -5.18352865e-01]
message: Optimization terminated successfully.
jac: [  1.19209290e-07   7.15255737e-07   0.00000000e+00  -1.19209290e-07
  -3.57627869e-07   1.19209290e-07]
nit: 15

--------------------------------------------------
Function: (a * x1 * x2) + (b * x1^2) + (c * x2^2) + (d * x1) + (e * x2) + f
--------------------------------------------------
RegType: elastic
Inputs: AB, CS
Output: G
status: 0
success: True
r_sq: 0.589023175708
njev: 21
nfev: 168
hess_inv: [[  1.79687361e-05  -1.76341754e-07  -5.59575750e-05   9.27901786e-05
   -8.99181365e-03  -4.77608622e-05]
 [ -1.76341754e-07   4.07195360e-09   3.86457396e-07  -2.27570679e-06
    8.96876810e-05   3.33164506e-05]
 [ -5.59575750e-05   3.86457396e-07   1.66650029e-03  -8.48953558e-05
    2.46380241e-03   6.73704043e-05]
 [  9.27901786e-05  -2.27570679e-06  -8.48953558e-05   1.33084204e-03
   -5.01538496e-02  -3.66312047e-02]
 [ -8.99181365e-03   8.96876810e-05   2.46380241e-03  -5.01538496e-02
    5.03850322e+00   2.42059045e-02]
 [ -4.77608622e-05   3.33164506e-05   6.73704043e-05  -3.66312047e-02
    2.42059045e-02   9.97866614e+00]]
fun: 10.0084153221
x: [ -5.93220901e-06  -2.44815303e-04   2.47056671e-03   4.07220522e-01
  -1.76316081e-01  -5.17872742e-01]
message: Optimization terminated successfully.
jac: [ -2.38418579e-07  -1.43051147e-06  -2.38418579e-07  -1.19209290e-07
  -2.38418579e-07  -2.38418579e-07]
nit: 15

--------------------------------------------------
Function: (a * x1 * x2) + (b * x1^2) + (c * x2^2) + (d * x1) + (e * x2) + f
--------------------------------------------------
RegType: elastic
Inputs: AB, HBP
Output: G
status: 0
success: True
r_sq: 0.586499606004
njev: 22
nfev: 176
hess_inv: [[  2.01437168e-05  -1.49308030e-07  -3.32445001e-05   7.95569276e-05
   -1.04177750e-02  -1.55170378e-04]
 [ -1.49308030e-07   3.43344610e-09   1.05776144e-07  -1.96406474e-06
    8.03727349e-05   3.44727636e-05]
 [ -3.32445001e-05   1.05776144e-07   1.39855695e-03   4.28496991e-05
   -5.48826277e-03  -9.77905485e-05]
 [  7.95569276e-05  -1.96406474e-06   4.28496991e-05   1.17825582e-03
   -4.55568519e-02  -3.75617310e-02]
 [ -1.04177750e-02   8.03727349e-05  -5.48826277e-03  -4.55568519e-02
    5.90267304e+00   8.90254155e-02]
 [ -1.55170378e-04   3.44727636e-05  -9.77905485e-05  -3.75617310e-02
    8.90254155e-02   1.01169396e+01]]
fun: 10.0657237389
x: [  8.15158320e-04  -2.52022110e-04  -8.98535577e-04   4.08991974e-01
  -3.50808832e-01  -5.18273057e-01]
