Function: (a * x1 * x2) + (b * x1^2) + (c * x2^2) + (d * x1) + (e * x2) + f
--------------------------------------------------
RegType: lasso
Inputs: HR, SO
Output: RBI
status: 0
success: True
r_sq: 0.740893684549
njev: 24
nfev: 192
hess_inv: [[  3.13083331e-05  -3.06487494e-05  -4.53183801e-06  -1.46830332e-03
    2.21773514e-04   5.03828146e-03]
 [ -3.06487494e-05   1.14491686e-04   2.22715362e-06  -2.23558593e-03
    2.63995395e-04   6.70758543e-04]
 [ -4.53183801e-06   2.22715362e-06   1.64962395e-06   3.16172741e-04
   -2.23060159e-04   6.42082941e-03]
 [ -1.46830332e-03  -2.23558593e-03   3.16172741e-04   2.51097090e-01
   -3.67547909e-02  -4.78437215e-01]
 [  2.21773514e-04   2.63995395e-04  -2.23060159e-04  -3.67547909e-02
    4.09317652e-02  -1.47647845e+00]
 [  5.03828146e-03   6.70758543e-04   6.42082941e-03  -4.78437215e-01
   -1.47647845e+00   7.41989496e+01]]
fun: 41.8885021036
x: [  7.10506474e-04  -1.20161882e-02  -9.50702985e-04   2.45107766e+00
   9.69880320e-02   3.43991734e+01]
message: Optimization terminated successfully.
jac: [ 0.  0.  0.  0.  0.  0.]
nit: 16

--------------------------------------------------
Function: (a * x1 * x2) + (b * x1^2) + (c * x2^2) + (d * x1) + (e * x2) + f
--------------------------------------------------
RegType: lasso
Inputs: HR, CS
Output: RBI
status: 0
success: True
r_sq: 0.734869323997
njev: 23
nfev: 184
hess_inv: [[  1.18396092e-03   9.51667160e-05   6.73389724e-04  -9.78458425e-03
   -2.77208831e-02   1.53536871e-01]
 [  9.51667160e-05   8.89122667e-05   3.97297933e-05  -4.27270544e-03
   -2.48656208e-03   4.07036663e-02]
 [  6.73389724e-04   3.97297933e-05   1.94124410e-03  -5.21891710e-03
   -4.27217376e-02   1.54025859e-01]
 [ -9.78458425e-03  -4.27270544e-03  -5.21891710e-03   2.48810968e-01
    2.59060599e-01  -2.89695047e+00]
 [ -2.77208831e-02  -2.48656208e-03  -4.27217376e-02   2.59060599e-01
    1.22825962e+00  -5.75522000e+00]
 [  1.53536871e-01   4.07036663e-02   1.54025859e-01  -2.89695047e+00
   -5.75522000e+00   4.65143368e+01]]
fun: 43.0568226082
x: [ -5.70551327e-03  -1.13364981e-02  -6.62413775e-03   2.39233036e+00
   2.09882115e-02   3.73479924e+01]
message: Optimization terminated successfully.
jac: [  0.00000000e+00  -1.43051147e-06   4.76837158e-07   0.00000000e+00
   4.76837158e-07   4.76837158e-07]
nit: 19

--------------------------------------------------
Function: (a * x1 * x2) + (b * x1^2) + (c * x2^2) + (d * x1) + (e * x2) + f
--------------------------------------------------
RegType: lasso
Inputs: RBI, SF
Output: HR
status: 0
success: True
r_sq: 0.734637036275
njev: 25
nfev: 200
hess_inv: [[  8.75254178e-04  -3.35655509e-05  -2.96338267e-03   1.08629931e-03
   -3.69048114e-02   5.42191829e-02]
 [ -3.35655509e-05   4.94364422e-06   6.61782306e-05  -6.19096173e-04
    2.02218689e-03   1.69790836e-02]
 [ -2.96338267e-03   6.61782306e-05   3.20191709e-02   4.14592785e-03
   -1.28266184e-01   8.70079933e-02]
 [  1.08629931e-03  -6.19096173e-04   4.14592785e-03   9.66682974e-02
   -1.61744575e-01  -3.16256764e+00]
 [ -3.69048114e-02   2.02218689e-03  -1.28266184e-01  -1.61744575e-01
    4.83515271e+00  -5.59650982e+00]
 [  5.42191829e-02   1.69790836e-02   8.70079933e-02  -3.16256764e+00
   -5.59650982e+00   1.36746368e+02]]
fun: 5.98766692785
x: [ -8.30071609e-03  -1.17711238e-03   1.14441357e-02   6.70398996e-01
  -1.88185260e-01  -2.13690324e+01]
message: Optimization terminated successfully.
jac: [  5.36441803e-07   8.64267349e-06  -1.78813934e-07  -1.78813934e-07
   4.94718552e-06   5.36441803e-07]
nit: 21

--------------------------------------------------
Function: (a * x1 * x2) + (b * x1^2) + (c * x2^2) + (d * x1) + (e * x2) + f
--------------------------------------------------
RegType: lasso
Inputs: 3B, HR
Output: RBI
status: 0
success: True
r_sq: 0.733579192009
njev: 16
nfev: 128
hess_inv: [[  2.14221841e-03   8.13633720e-04   1.05023813e-04  -4.37718990e-02
   -1.20950928e-02   1.88054044e-01]
 [  8.13633720e-04   9.06187338e-03   5.04381886e-05  -1.18029632e-01
   -6.22230237e-03   2.75359910e-01]
 [  1.05023813e-04   5.04381886e-05   8.35230510e-05  -2.53394278e-03
   -3.91631655e-03   3.51290328e-02]
 [ -4.37718990e-02  -1.18029632e-01  -2.53394278e-03   2.29949105e+00
    2.92050970e-01  -7.43401652e+00]
 [ -1.20950928e-02  -6.22230237e-03  -3.91631655e-03   2.92050970e-01
    2.26747630e-01  -2.55175767e+00]
 [  1.88054044e-01   2.75359910e-01   3.51290328e-02  -7.43401652e+00
   -2.55175767e+00   4.25078960e+01]]
fun: 42.9894646355
x: [ -8.75182374e-03  -1.37060869e-02  -1.24785990e-02   5.95655122e-01
   2.48597150e+00   3.41155844e+01]
message: Optimization terminated successfully.
jac: [ -9.53674316e-07  -9.53674316e-07   1.43051147e-06  -9.53674316e-07
  -9.53674316e-07  -9.53674316e-07]
nit: 12

--------------------------------------------------
Function: (a * x1 * x2) + (b * x1^2) + (c * x2^2) + (d * x1) + (e * x2) + f
--------------------------------------------------
RegType: lasso
Inputs: RBI, GIDP
Output: HR
status: 0
success: True
r_sq: 0.71637729939
njev: 21
nfev: 168
hess_inv: [[  1.61700399e-04  -7.87108900e-06  -2.06139463e-04  -7.25117134e-04
   -6.84762081e-03   6.94424376e-02]
 [ -7.87108900e-06   3.86560507e-06   7.53268442e-06  -5.14225568e-04
    4.36078590e-04   1.53693774e-02]
 [ -2.06139463e-04   7.53268442e-06   1.66252125e-03   1.41129188e-03
   -2.90161607e-02   1.05355887e-01]
 [ -7.25117134e-04  -5.14225568e-04   1.41129188e-03   9.36439747e-02
    7.23914801e-03  -3.47125174e+00]
 [ -6.84762081e-03   4.36078590e-04  -2.90161607e-02   7.23914801e-03
    1.38890895e+00  -8.60697434e+00]
 [  6.94424376e-02   1.53693774e-02   1.05355887e-01  -3.47125174e+00
   -8.60697434e+00   1.87227608e+02]]
fun: 6.13990733088
x: [ -1.00748676e-02  -9.50228938e-04  -2.18538571e-03   6.95226042e-01
   6.35741943e-01  -2.62374401e+01]
message: Optimization terminated successfully.
jac: [ -1.31130219e-06  -9.77516174e-06  -3.57627869e-07   3.57627869e-07
  -1.19209290e-07   0.00000000e+00]
nit: 14

--------------------------------------------------
Function: (a * x1 * x2) + (b * x1^2) + (c * x2^2) + (d * x1) + (e * x2) + f
--------------------------------------------------
RegType: lasso
Inputs: RBI, BB
Output: HR
status: 0
success: True
r_sq: 0.716376459882
njev: 25
nfev: 200
hess_inv: [[  8.45123129e-06  -2.31111685e-06  -2.58014987e-06  -1.41248775e-04
   -3.30848160e-04   1.58012710e-02]
 [ -2.31111685e-06   4.26341080e-06   3.81065150e-07  -5.28891740e-04
    1.24228652e-04   1.49536824e-02]
 [ -2.58014987e-06   3.81065150e-07   3.73791315e-06   9.40389337e-05
   -2.87252619e-04   4.38370054e-03]
 [ -1.41248775e-04  -5.28891740e-04   9.40389337e-05   9.48985394e-02
   -1.17914409e-03  -3.48195315e+00]
 [ -3.30848160e-04   1.24228652e-04  -2.87252619e-04  -1.17914409e-03
    6.84660559e-02  -2.02541345e+00]
 [  1.58012710e-02   1.49536824e-02   4.38370054e-03  -3.48195315e+00
   -2.02541345e+00   1.98295126e+02]]
fun: 5.99564880795
x: [ -6.00609415e-04  -1.34836057e-03  -3.07188750e-04   6.35354711e-01
   1.67286639e-01  -2.71629085e+01]
message: Optimization terminated successfully.
jac: [ -3.39746475e-06  -4.47034836e-06  -2.80141830e-06  -1.78813934e-07
  -1.78813934e-07  -5.96046448e-08]
nit: 14

--------------------------------------------------
Function: (a * x1 * x2) + (b * x1^2) + (c * x2^2) + (d * x1) + (e * x2) + f
--------------------------------------------------
RegType: lasso
Inputs: H, SO
Output: AB
status: 0
success: True
r_sq: 0.639395367482
njev: 30
nfev: 240
hess_inv: [[  3.75850293e-06   8.26220092e-07   3.87828456e-07  -5.70767290e-04
   -6.39423859e-04   7.00522016e-02]
 [  8.26220092e-07   3.66229717e-06   4.73141238e-08  -1.21312531e-03
   -1.31432845e-04   9.78704736e-02]
 [  3.87828456e-07   4.73141238e-08   9.75688635e-07  -4.64973220e-05
   -2.42983012e-04   1.35604554e-02]
 [ -5.70767290e-04  -1.21312531e-03  -4.64973220e-05   4.30109009e-01
    9.43860999e-02  -3.69676908e+01]
 [ -6.39423859e-04  -1.31432845e-04  -2.42983012e-04   9.43860999e-02
    1.44199450e-01  -1.32707644e+01]
 [  7.00522016e-02   9.78704736e-02   1.35604554e-02  -3.69676908e+01
   -1.32707644e+01   3.42068848e+03]]
fun: 257.400412226
x: [ -7.19873109e-03  -1.22527993e-02  -4.77570318e-05   6.35376632e+00
   1.35627651e+00  -1.52382359e+02]
message: Optimization terminated successfully.
jac: [ 0.  0.  0.  0.  0.  0.]
nit: 16

--------------------------------------------------
Function: (a * x1 * x2) + (b * x1^2) + (c * x2^2) + (d * x1) + (e * x2) + f
--------------------------------------------------
RegType: lasso
Inputs: 3B, CS
Output: SB
status: 0
success: True
r_sq: 0.577688051934
njev: 17
nfev: 136
hess_inv: [[  1.24763286e-02  -5.46754404e-03  -1.85179763e-03  -1.85437737e-02
   -2.86168765e-02   1.24445224e-01]
 [ -5.46754404e-03   1.05649321e-02   7.15879294e-04  -8.48996415e-02
    1.41185198e-02   1.02380725e-01]
 [ -1.85179763e-03   7.15879294e-04   1.74602624e-03   4.98337946e-03
   -2.07545590e-02   3.59537300e-02]
 [ -1.85437737e-02  -8.48996415e-02   4.98337946e-03   1.33567196e+00
   -5.38101425e-02  -2.56852672e+00]
 [ -2.86168765e-02   1.41185198e-02  -2.07545590e-02  -5.38101425e-02
    5.98725892e-01  -1.55102531e+00]
 [  1.24445224e-01   1.02380725e-01   3.59537300e-02  -2.56852672e+00
   -1.55102531e+00   1.26388487e+01]]
fun: 20.7098041892
x: [ 0.02012122  0.00954366  0.01958715  0.46576456  1.73754796 -0.53678455]
message: Optimization terminated successfully.
jac: [  4.29153442e-06   2.14576721e-06   8.34465027e-06  -2.38418579e-07
   9.53674316e-07   0.00000000e+00]
nit: 15

--------------------------------------------------
Function: (a * x1 * x2) + (b * x1^2) + (c * x2^2) + (d * x1) + (e * x2) + f
--------------------------------------------------
RegType: lasso
Inputs: SB, SH
Output: CS
status: 0
success: True
r_sq: 0.577196587157
njev: 19
nfev: 152
hess_inv: [[  5.34686530e-04  -8.97392519e-06  -1.35942872e-04  -1.83315865e-03
   -5.84010125e-03   2.01490260e-02]
 [ -8.97392519e-06   1.37269164e-05  -4.98449316e-06  -7.21279165e-04
    3.27387065e-04   3.59055070e-03]
 [ -1.35942872e-04  -4.98449316e-06   1.79517191e-03   1.34174780e-03
   -2.49406325e-02   2.31663057e-02]
 [ -1.83315865e-03  -7.21279165e-04   1.34174780e-03   5.88608262e-02
   -7.72708263e-03  -3.83972589e-01]
 [ -5.84010125e-03   3.27387065e-04  -2.49406325e-02  -7.72708263e-03
    5.84261343e-01  -9.06474857e-01]
 [  2.01490260e-02   3.59055070e-03   2.31663057e-02  -3.83972589e-01
   -9.06474857e-01   6.66798806e+00]]
fun: 2.29776468914
x: [ -6.82453057e-04  -1.44396493e-03  -5.34891316e-03   3.23279331e-01
   2.33606237e-01   1.00758344e+00]
message: Optimization terminated successfully.
jac: [  1.78813934e-07   1.31130219e-06   2.98023224e-08   2.98023224e-08
   2.98023224e-08   8.94069672e-08]
nit: 14

--------------------------------------------------
Function: (a * x1 * x2) + (b * x1^2) + (c * x2^2) + (d * x1) + (e * x2) + f
--------------------------------------------------
RegType: lasso
Inputs: 3B, SB
Output: CS
status: 0
success: True
r_sq: 0.570539963533
njev: 19
nfev: 152
hess_inv: [[  1.30325012e-03  -2.26904477e-03  -6.13052810e-05   4.15301616e-03
   -3.74961593e-03   2.29666591e-02]
 [ -2.26904477e-03   1.36133650e-02   6.67312687e-05  -1.19351779e-01
    9.31357376e-03   1.29402007e-01]
 [ -6.13052810e-05   6.67312687e-05   1.62825920e-05   4.81913263e-04
   -5.76315568e-04   1.94968956e-03]
 [  4.15301616e-03  -1.19351779e-01   4.81913263e-04   1.57602403e+00
   -7.89722827e-02  -2.53877850e+00]
 [ -3.74961593e-03   9.31357376e-03  -5.76315568e-04  -7.89722827e-02
    6.55352955e-02  -2.94701951e-01]
 [  2.29666591e-02   1.29402007e-01   1.94968956e-03  -2.53877850e+00
   -2.94701951e-01   1.00752592e+01]]
fun: 2.297017339
x: [-0.00590808 -0.01145611 -0.00111245  0.39980732  0.3299175   0.50102488]
message: Optimization terminated successfully.
jac: [  1.49011612e-07  -2.98023224e-08   1.99675560e-06  -6.25848770e-07
   2.98023224e-08  -2.08616257e-07]
nit: 15

--------------------------------------------------
Function: (a * x1 * x2) + (b * x1^2) + (c * x2^2) + (d * x1) + (e * x2) + f
--------------------------------------------------
RegType: lasso
Inputs: H, age
Output: AB
status: 0
success: True
r_sq: 0.567000184216
njev: 30
nfev: 240
hess_inv: [[  2.52936028e-04   2.49438606e-06   1.81222143e-04  -8.08443614e-03
   -4.89004107e-02   1.31914692e+00]
 [  2.49438606e-06   3.49331435e-06   4.53725362e-06  -1.16375698e-03
   -6.59361675e-04   9.84642052e-02]
 [  1.81222143e-04   4.53725362e-06   5.46638026e-03  -6.49829947e-03
   -3.52289281e-01   5.61989123e+00]
 [ -8.08443614e-03  -1.16375698e-03  -6.49829947e-03   6.00705082e-01
    1.61032764e+00  -6.93064073e+01]
 [ -4.89004107e-02  -6.59361675e-04  -3.52289281e-01   1.61032764e+00
    2.84501326e+01  -5.37356363e+02]
 [  1.31914692e+00   9.84642052e-02   5.61989123e+00  -6.93064073e+01
   -5.37356363e+02   1.31707168e+04]]
fun: 234.87584841
x: [ -1.15396267e-01  -1.16110062e-02  -5.39837379e-01   8.83250388e+00
   4.90067213e+01  -9.72916718e+02]
message: Optimization terminated successfully.
jac: [ -1.90734863e-06   1.90734863e-06   1.90734863e-06  -1.90734863e-06
  -1.90734863e-06  -1.90734863e-06]
nit: 23

--------------------------------------------------
Function: (a * x1 * x2) + (b * x1^2) + (c * x2^2) + (d * x1) + (e * x2) + f
--------------------------------------------------
RegType: lasso
Inputs: SB, HBP
Output: CS
status: 0
success: True
r_sq: 0.561880420186
njev: 21
nfev: 168
hess_inv: [[  7.78507572e-04   1.56225242e-05  -6.10556526e-05  -3.86531029e-03
   -8.92420259e-03   4.15185978e-02]
 [  1.56225242e-05   1.37805404e-05  -1.26307810e-06  -8.13888623e-04
   -1.11838774e-04   4.86306786e-03]
 [ -6.10556526e-05  -1.26307810e-06   1.40318228e-03   1.98030781e-04
   -2.31934132e-02   5.37626638e-02]
 [ -3.86531029e-03  -8.13888623e-04   1.98030781e-04   6.97432797e-02
    4.27278020e-02  -5.57085351e-01]
 [ -8.92420259e-03  -1.11838774e-04  -2.31934132e-02   4.27278020e-02
    6.44192047e-01  -2.00690166e+00]
 [  4.15185978e-02   4.86306786e-03   5.37626638e-02  -5.57085351e-01
   -2.00690166e+00   1.17731198e+01]]
fun: 2.3800128695
x: [ -3.87571732e-03  -1.68785884e-03   1.13923916e-04   3.59393709e-01
   5.07276903e-02   1.19883482e+00]
message: Optimization terminated successfully.
jac: [  0.00000000e+00   2.08616257e-07   0.00000000e+00  -2.98023224e-08
   0.00000000e+00  -2.98023224e-08]
nit: 14

--------------------------------------------------
Function: (a * x1 * x2) + (b * x1^2) + (c * x2^2) + (d * x1) + (e * x2) + f
--------------------------------------------------
RegType: lasso
Inputs: HR, SB
Output: CS
status: 0
success: True
r_sq: 0.560531129022
njev: 18
nfev: 144
hess_inv: [[  1.28338203e-04   2.39952800e-05   1.83252557e-05  -2.46365954e-03
   -2.63514380e-03   3.64173001e-02]
 [  2.39952800e-05   8.48316292e-05   3.87788187e-06  -3.89815818e-03
   -6.64225746e-04   3.46508675e-02]
 [  1.83252557e-05   3.87788187e-06   1.60332247e-05  -3.95021815e-04
   -1.11528849e-03   1.01668273e-02]
 [ -2.46365954e-03  -3.89815818e-03  -3.95021815e-04   2.12030388e-01
    6.28550995e-02  -2.25527049e+00]
 [ -2.63514380e-03  -6.64225746e-04  -1.11528849e-03   6.28550995e-02
    1.06113845e-01  -1.27022803e+00]
 [  3.64173001e-02   3.46508675e-02   1.01668273e-02  -2.25527049e+00
   -1.27022803e+00   3.24399722e+01]]
fun: 2.30486911499
x: [-0.00430577 -0.00164476 -0.00220856  0.10158376  0.42573791  0.26454679]
message: Optimization terminated successfully.
jac: [  7.15255737e-07   1.16229057e-06   2.80141830e-06   5.96046448e-08
   0.00000000e+00  -2.98023224e-08]
nit: 12

--------------------------------------------------
Function: (a * x1 * x2) + (b * x1^2) + (c * x2^2) + (d * x1) + (e * x2) + f
--------------------------------------------------
RegType: lasso
Inputs: CS, IBB
Output: SB
status: 0
success: True
r_sq: 0.559772149923
njev: 20
nfev: 160
hess_inv: [[  4.14143846e-03   3.98925154e-04   1.65190808e-04  -2.67254593e-02
   -2.26706561e-02   1.30348271e-01]
 [  3.98925154e-04   1.59252304e-03   1.61698071e-05  -2.93757409e-02
   -2.58113283e-03   8.05506429e-02]
 [  1.65190808e-04   1.61698071e-05   9.12781948e-05  -1.20880981e-03
   -3.34561670e-03   1.45290689e-02]
 [ -2.67254593e-02  -2.93757409e-02  -1.20880981e-03   7.35170613e-01
    1.68920857e-01  -2.61607635e+00]
 [ -2.26706561e-02  -2.58113283e-03  -3.34561670e-03   1.68920857e-01
    2.64317070e-01  -1.45237377e+00]
 [  1.30348271e-01   8.05506429e-02   1.45290689e-02  -2.61607635e+00
   -1.45237377e+00   1.56907460e+01]]
fun: 21.6718145142
x: [ -1.35965449e-02   1.67057951e-02   1.40131984e-03   2.11831068e+00
  -2.20043491e-02   5.22055750e-01]
message: Optimization terminated successfully.
jac: [  0.00000000e+00   4.76837158e-07   1.43051147e-06   4.76837158e-07
   0.00000000e+00  -2.38418579e-07]
nit: 16

--------------------------------------------------
Function: (a * x1 * x2) + (b * x1^2) + (c * x2^2) + (d * x1) + (e * x2) + f
--------------------------------------------------
RegType: lasso
Inputs: CS, SH
Output: SB
status: 0
success: True
r_sq: 0.559157725555
njev: 19
nfev: 152
hess_inv: [[  5.31041689e-03  -8.58893171e-04  -7.79946295e-04  -7.95144050e-03
   -2.27685491e-02   5.95239668e-02]
 [ -8.58893171e-04   1.71465207e-03   2.62991268e-05  -2.61856232e-02
    6.11400044e-03   5.38778536e-02]
 [ -7.79946295e-04   2.62991268e-05   1.88362393e-03   4.77029853e-03
   -2.32196522e-02   1.36609224e-02]
 [ -7.95144050e-03  -2.61856232e-02   4.77029853e-03   6.00883359e-01
   -6.92868205e-02  -1.62511684e+00]
 [ -2.27685491e-02   6.11400044e-03  -2.32196522e-02  -6.92868205e-02
    6.23071794e-01  -7.82508586e-01]
 [  5.95239668e-02   5.38778536e-02   1.36609224e-02  -1.62511684e+00
   -7.82508586e-01   8.72522792e+00]]
fun: 21.6779952824
x: [-0.01312497  0.02088582 -0.00732746  2.02560782  0.24687642  0.11295074]
message: Optimization terminated successfully.
jac: [  3.09944153e-06   7.15255737e-06   3.81469727e-06   2.38418579e-07
   2.38418579e-07  -2.38418579e-07]
nit: 15

--------------------------------------------------
Function: (a * x1 * x2) + (b * x1^2) + (c * x2^2) + (d * x1) + (e * x2) + f
--------------------------------------------------
RegType: lasso
Inputs: CS, HBP
Output: SB
status: 0
success: True
r_sq: 0.558446416566
njev: 24
nfev: 192
hess_inv: [[  7.57212355e-03   5.03902278e-04  -3.36557051e-04  -3.86975748e-02
   -3.51826938e-02   1.73755170e-01]
 [  5.03902278e-04   1.57865322e-03   3.72552377e-05  -2.90412046e-02
   -3.12785535e-03   7.84634963e-02]
 [ -3.36557051e-04   3.72552377e-05   1.40368290e-03   2.73261536e-04
   -2.18697523e-02   5.19866950e-02]
 [ -3.86975748e-02  -2.90412046e-02   2.73261536e-04   7.53998937e-01
    2.08024250e-01  -2.59668160e+00]
 [ -3.51826938e-02  -3.12785535e-03  -2.18697523e-02   2.08024250e-01
    6.93763044e-01  -2.40388659e+00]
 [  1.73755170e-01   7.84634963e-02   5.19866950e-02  -2.59668160e+00
   -2.40388659e+00   1.66153817e+01]]
fun: 21.6510638549
x: [-0.01451623  0.01692145 -0.00552956  2.12272014  0.28784292 -0.63681434]
message: Optimization terminated successfully.
jac: [  0.00000000e+00   7.15255737e-07   7.15255737e-07  -9.53674316e-07
   7.15255737e-07   0.00000000e+00]
nit: 20

--------------------------------------------------
Function: (a * x1 * x2) + (b * x1^2) + (c * x2^2) + (d * x1) + (e * x2) + f
--------------------------------------------------
RegType: lasso
Inputs: CS, SF
Output: SB
status: 0
success: True
r_sq: 0.55838924621
njev: 20
nfev: 160
hess_inv: [[  1.76899383e-02   1.35023370e-03   2.73520019e-03  -9.79815155e-02
   -1.19338898e-01   5.27127302e-01]
 [  1.35023370e-03   1.65831701e-03   2.11931603e-04  -3.43171360e-02
   -9.07453932e-03   1.05697022e-01]
 [  2.73520019e-03   2.11931603e-04   2.20591326e-02  -1.77566916e-02
   -2.66461231e-01   6.43107959e-01]
 [ -9.79815155e-02  -3.43171360e-02  -1.77566916e-02   1.10654885e+00
    7.15727325e-01  -4.76880446e+00]
 [ -1.19338898e-01  -9.07453932e-03  -2.66461231e-01   7.15727325e-01
    3.95033877e+00  -1.15746749e+01]
 [  5.27127302e-01   1.05697022e-01   6.43107959e-01  -4.76880446e+00
   -1.15746749e+01   4.59914807e+01]]
fun: 21.5655780063
x: [-0.0750128   0.01203811 -0.026307    2.46338566  0.67624696 -2.16238861]
message: Optimization terminated successfully.
jac: [ -2.14576721e-06  -7.62939453e-06  -1.19209290e-06  -2.38418579e-07
  -2.38418579e-07  -4.76837158e-07]
nit: 14

--------------------------------------------------
Function: (a * x1 * x2) + (b * x1^2) + (c * x2^2) + (d * x1) + (e * x2) + f
--------------------------------------------------
RegType: lasso
Inputs: HR, CS
Output: SB
status: 0
success: True
r_sq: 0.5576690078
njev: 22
nfev: 176
hess_inv: [[  1.18075991e-03   9.33278855e-05   6.73040300e-04  -9.64746124e-03
   -2.76026853e-02   1.51339237e-01]
 [  9.33278855e-05   8.83635503e-05   3.72459648e-05  -4.22777149e-03
   -2.39390574e-03   3.98551764e-02]
 [  6.73040300e-04   3.72459648e-05   1.94763401e-03  -5.07921056e-03
   -4.27967138e-02   1.52661539e-01]
 [ -9.64746124e-03  -4.22777149e-03  -5.07921056e-03   2.45465599e-01
    2.53331910e-01  -2.84111170e+00]
 [ -2.76026853e-02  -2.39390574e-03  -4.27967138e-02   2.53331910e-01
    1.22624397e+00  -5.68407296e+00]
 [  1.51339237e-01   3.98551764e-02   1.52661539e-01  -2.84111170e+00
   -5.68407296e+00   4.57124604e+01]]
fun: 21.5669226688
x: [ -1.96011421e-02  -1.61550063e-03   6.50830470e-03   1.63801692e-01
   2.50672020e+00  -2.10467694e+00]
message: Optimization terminated successfully.
jac: [ -4.76837158e-07  -3.09944153e-06   2.38418579e-07   2.38418579e-07
   7.15255737e-07  -1.19209290e-06]
nit: 16

--------------------------------------------------
Function: (a * x1 * x2) + (b * x1^2) + (c * x2^2) + (d * x1) + (e * x2) + f
--------------------------------------------------
RegType: lasso
Inputs: SB, SF
Output: CS
status: 0
success: True
r_sq: 0.55162875871
njev: 21
nfev: 168
hess_inv: [[  1.92599641e-03   4.97440027e-05   9.95311576e-04  -1.04869939e-02
   -3.33291462e-02   1.37168575e-01]
 [  4.97440027e-05   1.45161082e-05   2.47615237e-05  -9.93868332e-04
   -8.50700925e-04   7.78992587e-03]
 [  9.95311576e-04   2.47615237e-05   2.30298286e-02  -5.73412895e-03
   -2.72556669e-01   6.23481327e-01]
 [ -1.04869939e-02  -9.93868332e-04  -5.73412895e-03   1.07443537e-01
    1.94234789e-01  -1.16847903e+00]
 [ -3.33291462e-02  -8.50700925e-04  -2.72556669e-01   1.94234789e-01
    3.78303306e+00  -1.02714564e+01]
 [  1.37168575e-01   7.78992587e-03   6.23481327e-01  -1.16847903e+00
   -1.02714564e+01   3.69976536e+01]]
fun: 2.33110390468
x: [-0.01278496 -0.00194649 -0.03075211  0.41220535  0.53596788 -0.30765663]
message: Optimization terminated successfully.
jac: [ -3.87430191e-07  -6.31809235e-06  -2.98023224e-08   5.96046448e-08
   0.00000000e+00   5.96046448e-08]
nit: 17

--------------------------------------------------
Function: (a * x1 * x2) + (b * x1^2) + (c * x2^2) + (d * x1) + (e * x2) + f
--------------------------------------------------
RegType: lasso
Inputs: 2B, CS
Output: SB
status: 0
success: True
r_sq: 0.540965415343
njev: 25
nfev: 200
hess_inv: [[  1.65895153e-03   7.25874728e-05   3.81513691e-04  -1.26305922e-02
   -4.96152274e-02   2.95496919e-01]
 [  7.25874728e-05   2.53114307e-04   1.22860759e-06  -1.51178673e-02
   -2.00149004e-03   2.08156671e-01]
 [  3.81513691e-04   1.22860759e-06   1.64537013e-03  -1.70155230e-03
   -3.82008034e-02   1.13307918e-01]
 [ -1.26305922e-02  -1.51178673e-02  -1.70155230e-03   9.75565110e-01
    3.67049433e-01  -1.44813113e+01]
 [ -4.96152274e-02  -2.00149004e-03  -3.82008034e-02   3.67049433e-01
    2.04380478e+00  -1.03302031e+01]
 [  2.95496919e-01   2.08156671e-01   1.13307918e-01  -1.44813113e+01
   -1.03302031e+01   2.36452194e+02]]
fun: 20.4873765329
x: [ -2.42190101e-02  -1.91405285e-02   1.45763034e-02   1.39911018e+00
   2.76037426e+00  -2.24984561e+01]
message: Optimization terminated successfully.
jac: [ -4.76837158e-07  -3.33786011e-06   0.00000000e+00   2.38418579e-07
  -4.76837158e-07   0.00000000e+00]
nit: 19

--------------------------------------------------
Function: (a * x1 * x2) + (b * x1^2) + (c * x2^2) + (d * x1) + (e * x2) + f
--------------------------------------------------
RegType: lasso
Inputs: R, BB
Output: H
status: 0
success: True
r_sq: 0.51638262643
njev: 41
nfev: 328
hess_inv: [[  2.28626827e-05  -7.89673989e-06  -6.92803502e-06  -3.69386391e-05
   -1.04196909e-03   3.29736409e-02]
 [ -7.89673989e-06   2.05158125e-05   1.95154028e-06  -2.98445399e-03
    3.98276289e-04   1.08014326e-01]
 [ -6.92803502e-06   1.95154028e-06   5.18991309e-06   8.06853777e-05
   -9.27167017e-05  -9.21718434e-04]
 [ -3.69386391e-05  -2.98445399e-03   8.06853777e-05   5.12748666e-01
   -6.97804476e-03  -2.06386529e+01]
 [ -1.04196909e-03   3.98276289e-04  -9.27167017e-05  -6.97804476e-03
    1.06490833e-01  -2.89582051e+00]
 [  3.29736409e-02   1.08014326e-01  -9.21718434e-04  -2.06386529e+01
   -2.89582051e+00   9.36931911e+02]]
fun: 73.2340718605
x: [ -4.96880883e-03  -3.58928179e-03   1.29146797e-03   1.97406803e+00
  -1.07575974e-01   4.42226850e+01]
message: Optimization terminated successfully.
jac: [  0.00000000e+00  -1.90734863e-06  -9.53674316e-07   0.00000000e+00
   0.00000000e+00   0.00000000e+00]
nit: 17

--------------------------------------------------
Function: (a * x1 * x2) + (b * x1^2) + (c * x2^2) + (d * x1) + (e * x2) + f
--------------------------------------------------
RegType: lasso
Inputs: SB, GIDP
Output: CS
status: 0
success: True
r_sq: 0.500791774028
njev: 24
nfev: 192
hess_inv: [[  6.73353260e-04   4.35236514e-05   3.78693193e-04  -8.82429803e-03
   -1.73405570e-02   1.52659212e-01]
 [  4.35236514e-05   1.62932970e-05   2.27271050e-05  -1.31664656e-03
   -1.16192608e-03   1.51376513e-02]
 [  3.78693193e-04   2.27271050e-05   1.68204763e-03  -5.39016814e-03
   -4.98159756e-02   3.22790083e-01]
 [ -8.82429803e-03  -1.31664656e-03  -5.39016814e-03   1.68534468e-01
    2.53410245e-01  -2.63314244e+00]
 [ -1.73405570e-02  -1.16192608e-03  -4.98159756e-02   2.53410245e-01
    1.62279504e+00  -1.15615748e+01]
 [  1.52659212e-01   1.51376513e-02   3.22790083e-01  -2.63314244e+00
   -1.15615748e+01   9.40650220e+01]]
fun: 2.1368070524
x: [ -1.21449527e-02  -2.44895336e-03  -2.57104284e-02   5.16689445e-01
   8.93218817e-01  -5.29311329e+00]
message: Optimization terminated successfully.
jac: [  2.98023224e-08   3.87430191e-07   0.00000000e+00  -2.98023224e-08
  -2.98023224e-08  -2.98023224e-08]
nit: 17

--------------------------------------------------
Function: (a * x1 * x2) + (b * x1^2) + (c * x2^2) + (d * x1) + (e * x2) + f
--------------------------------------------------
RegType: lasso
Inputs: HR, SB
Output: R
status: 0
success: True
r_sq: 0.469987417893
njev: 19
nfev: 152
hess_inv: [[  1.28512278e-04   2.40074760e-05   1.83639330e-05  -2.46513619e-03
   -2.64168687e-03   3.64178807e-02]
 [  2.40074760e-05   8.48311652e-05   3.87082137e-06  -3.89855873e-03
   -6.64780499e-04   3.46550820e-02]
 [  1.83639330e-05   3.87082137e-06   1.60380059e-05  -3.95120821e-04
   -1.11691387e-03   1.01671636e-02]
 [ -2.46513619e-03  -3.89855873e-03  -3.95120821e-04   2.12061305e-01
    6.29078165e-02  -2.25539532e+00]
 [ -2.64168687e-03  -6.64780499e-04  -1.11691387e-03   6.29078165e-02
    1.06356940e-01  -1.27017722e+00]
 [  3.64178807e-02   3.46550820e-02   1.01671636e-02  -2.25539532e+00
   -1.27017722e+00   3.24395218e+01]]
fun: 51.3113491634
x: [  1.72648400e-04   3.71761638e-03  -5.43581536e-03   9.22834437e-01
   9.49791005e-01   5.12732668e+01]
message: Optimization terminated successfully.
jac: [  2.86102295e-06   2.86102295e-06   7.15255737e-06  -4.76837158e-07
   4.76837158e-07   0.00000000e+00]
nit: 13

--------------------------------------------------
Function: (a * x1 * x2) + (b * x1^2) + (c * x2^2) + (d * x1) + (e * x2) + f
--------------------------------------------------
RegType: lasso
Inputs: SH, SF
Output: RBI
status: 0
success: True
r_sq: 0.422829855995
njev: 19
nfev: 152
hess_inv: [[  2.23621517e-02   7.12738681e-04   5.46991227e-03  -1.06142593e-01
   -1.24369643e-01   4.53182757e-01]
 [  7.12738681e-04   1.76685254e-03   2.73214793e-04  -2.94115889e-02
   -7.10335334e-03   6.24169882e-02]
 [  5.46991227e-03   2.73214793e-04   2.29738028e-02  -2.90174724e-02
   -2.78227632e-01   6.64029189e-01]
 [ -1.06142593e-01  -2.94115889e-02  -2.90174724e-02   1.01319545e+00
    6.90062077e-01  -3.46459700e+00]
 [ -1.24369643e-01  -7.10335334e-03  -2.78227632e-01   6.90062077e-01
    3.83888441e+00  -1.04947779e+01]
 [  4.53182757e-01   6.24169882e-02   6.64029189e-01  -3.46459700e+00
   -1.04947779e+01   3.59248107e+01]]
fun: 91.7573027034
x: [ -6.39279735e-02   1.47907403e-01  -1.03368608e-01  -4.53783797e+00
   4.54158580e+00   6.67789988e+01]
message: Optimization terminated successfully.
jac: [ -3.81469727e-06  -3.81469727e-06  -3.81469727e-06  -3.81469727e-06
  -3.81469727e-06  -1.90734863e-06]
nit: 16

--------------------------------------------------
Function: (a * x1 * x2) + (b * x1^2) + (c * x2^2) + (d * x1) + (e * x2) + f
--------------------------------------------------
RegType: lasso
Inputs: 2B, SB
Output: CS
status: 0
success: True
r_sq: 0.399813266301
njev: 26
nfev: 208
hess_inv: [[  1.68203892e-04   1.30120616e-05   1.02924454e-05  -2.79483783e-03
   -4.95018337e-03   6.69907341e-02]
 [  1.30120616e-05   2.51514751e-04  -1.75777619e-07  -1.48022139e-02
   -3.56455870e-04   2.00658475e-01]
 [  1.02924454e-05  -1.75777619e-07   1.40799887e-05  -6.71616828e-05
   -1.03763997e-03   6.36917085e-03]
 [ -2.79483783e-03  -1.48022139e-02  -6.71616828e-05   9.26644967e-01
    7.84948485e-02  -1.33381060e+01]
 [ -4.95018337e-03  -3.56455870e-04  -1.03763997e-03   7.84948485e-02
    1.96106389e-01  -2.25164215e+00]
 [  6.69907341e-02   2.00658475e-01   6.36917085e-03  -1.33381060e+01
   -2.25164215e+00   2.07124110e+02]]
fun: 1.55382319266
x: [ -7.93839941e-03  -1.83309262e-02  -1.97186643e-03   1.20203574e+00
   5.69360061e-01  -1.66124159e+01]
message: Optimization terminated successfully.
jac: [  4.70876694e-06   7.33137131e-06   7.00354576e-06   2.98023224e-07
   1.49011612e-07   0.00000000e+00]
nit: 17

--------------------------------------------------
Function: (a * x1 * x2) + (b * x1^2) + (c * x2^2) + (d * x1) + (e * x2) + f
--------------------------------------------------
RegType: lasso
Inputs: IBB, SH
Output: RBI
status: 0
success: True
r_sq: 0.38566864417
njev: 19
nfev: 152
hess_inv: [[  1.10263014e-02   3.06134550e-04   1.74633489e-03  -2.48320563e-02
   -5.87134353e-02   1.38062567e-01]
 [  3.06134550e-04   9.71537633e-05   5.73314730e-05  -3.28957406e-03
   -2.20484703e-03   1.48432595e-02]
 [  1.74633489e-03   5.73314730e-05   2.03621833e-03  -5.67169692e-03
   -3.59052207e-02   6.80387360e-02]
 [ -2.48320563e-02  -3.28957406e-03  -5.67169692e-03   2.10236607e-01
    2.01947193e-01  -1.19759564e+00]
 [ -5.87134353e-02  -2.20484703e-03  -3.59052207e-02   2.01947193e-01
    8.45917192e-01  -2.06917645e+00]
 [  1.38062567e-01   1.48432595e-02   6.80387360e-02  -1.19759564e+00
   -2.06917645e+00   1.10480810e+01]]
fun: 97.8906241206
x: [ -1.18123351e-01  -1.56515571e-02   1.27303588e-01   1.81495504e+00
  -3.97560330e+00   7.54841454e+01]
message: Optimization terminated successfully.
jac: [  9.53674316e-07   3.81469727e-06  -1.90734863e-06   0.00000000e+00
   0.00000000e+00   0.00000000e+00]
nit: 16

--------------------------------------------------
Function: (a * x1 * x2) + (b * x1^2) + (c * x2^2) + (d * x1) + (e * x2) + f
--------------------------------------------------
RegType: lasso
Inputs: IBB, SH
Output: HR
status: 0
success: True
r_sq: 0.382913052877
njev: 16
nfev: 128
hess_inv: [[  1.10200979e-02   2.91781346e-04   1.78964725e-03  -2.48313295e-02
   -5.95920718e-02   1.40017363e-01]
 [  2.91781346e-04   9.25706942e-05   6.04312458e-05  -3.24701767e-03
   -2.24327840e-03   1.48890715e-02]
 [  1.78964725e-03   6.04312458e-05   2.06162822e-03  -5.80387956e-03
   -3.64992476e-02   6.94180077e-02]
 [ -2.48313295e-02  -3.24701767e-03  -5.80387956e-03   2.10885052e-01
    2.05039145e-01  -1.20960291e+00]
 [ -5.95920718e-02  -2.24327840e-03  -3.64992476e-02   2.05039145e-01
    8.59815165e-01  -2.10448050e+00]
 [  1.40017363e-01   1.48890715e-02   6.94180077e-02  -1.20960291e+00
   -2.10448050e+00   1.11796410e+01]]
fun: 20.5132036757
x: [ -7.41600939e-02  -4.87134324e-03   5.25114602e-02   7.78027091e-01
  -1.69475106e+00   1.82688131e+01]
message: Optimization terminated successfully.
jac: [  0.00000000e+00   0.00000000e+00   0.00000000e+00   2.38418579e-07
   0.00000000e+00   2.38418579e-07]
nit: 12

--------------------------------------------------
Function: (a * x1 * x2) + (b * x1^2) + (c * x2^2) + (d * x1) + (e * x2) + f
--------------------------------------------------
RegType: lasso
Inputs: 2B, CS
Output: H
status: 0
success: True
r_sq: 0.365291430681
njev: 23
nfev: 184
hess_inv: [[  1.69777401e-03   8.76610691e-05   4.03416162e-04  -1.37539780e-02
   -5.10744816e-02   3.15152905e-01]
 [  8.76610691e-05   2.52282374e-04   1.36550717e-05  -1.51265330e-02
   -2.62417280e-03   2.09491589e-01]
 [  4.03416162e-04   1.36550717e-05   1.65574707e-03  -2.58218415e-03
   -3.89971753e-02   1.28068862e-01]
 [ -1.37539780e-02  -1.51265330e-02  -2.58218415e-03   9.81314252e-01
    4.13230509e-01  -1.46683089e+01]
 [ -5.10744816e-02  -2.62417280e-03  -3.89971753e-02   4.13230509e-01
    2.09865888e+00  -1.11383947e+01]
 [  3.15152905e-01   2.09491589e-01   1.28068862e-01  -1.46683089e+01
   -1.11383947e+01   2.41267456e+02]]
fun: 97.883341535
x: [ -4.29294425e-02  -2.15517037e-02  -1.52961651e-02   3.29276913e+00
   2.59338128e+00   7.23680293e+01]
message: Optimization terminated successfully.
jac: [ -2.86102295e-06  -5.72204590e-06  -9.53674316e-07  -9.53674316e-07
  -9.53674316e-07  -9.53674316e-07]
nit: 19

--------------------------------------------------
Function: (a * x1 * x2) + (b * x1^2) + (c * x2^2) + (d * x1) + (e * x2) + f
--------------------------------------------------
RegType: lasso
Inputs: R, IBB
Output: RBI
status: 0
success: True
r_sq: 0.360592538374
njev: 22
nfev: 176
hess_inv: [[  1.99621865e-04  -6.62532384e-06  -9.23257308e-05  -1.33606874e-04
   -1.54564887e-02   5.43795400e-02]
 [ -6.62532384e-06   1.01728800e-05   2.09952350e-06  -1.64173586e-03
    4.44969578e-04   6.31596503e-02]
 [ -9.23257308e-05   2.09952350e-06   1.25835315e-04   2.12571443e-04
    4.74078109e-03  -2.22070396e-02]
 [ -1.33606874e-04  -1.64173586e-03   2.12571443e-04   2.78375092e-01
    1.80567706e-02  -1.12373855e+01]
 [ -1.54564887e-02   4.44969578e-04   4.74078109e-03   1.80567706e-02
    1.33751543e+00  -5.01880107e+00]
 [  5.43795400e-02   6.31596503e-02  -2.22070396e-02  -1.12373855e+01
   -5.01880107e+00   4.78480369e+02]]
fun: 91.7357884125
x: [  1.46742174e-02  -7.77412083e-03  -2.88399961e-02   1.80194652e+00
   1.04072594e+00  -2.80168887e+01]
message: Optimization terminated successfully.
jac: [ -9.53674316e-07  -3.81469727e-06   9.53674316e-07   0.00000000e+00
   0.00000000e+00   0.00000000e+00]
nit: 15

--------------------------------------------------
Function: (a * x1 * x2) + (b * x1^2) + (c * x2^2) + (d * x1) + (e * x2) + f
--------------------------------------------------
RegType: lasso
Inputs: HBP, SH
Output: HR
status: 0
success: True
r_sq: 0.350274956653
njev: 18
nfev: 144
hess_inv: [[  8.94673630e-03  -1.66617573e-04   4.12366925e-04  -2.29357421e-02
   -4.02110698e-02   1.12231979e-01]
 [ -1.66617573e-04   1.40254854e-03   7.50103754e-05  -2.34809864e-02
   -1.33756634e-03   5.81803014e-02]
 [  4.12366925e-04   7.50103754e-05   1.78481802e-03  -3.05755555e-03
   -2.78946666e-02   4.55613207e-02]
 [ -2.29357421e-02  -2.34809864e-02  -3.05755555e-03   6.03512996e-01
    1.61227780e-01  -1.95884244e+00]
 [ -4.02110698e-02  -1.33756634e-03  -2.78946666e-02   1.61227780e-01
    6.83265293e-01  -1.57211606e+00]
 [  1.12231979e-01   5.81803014e-02   4.55613207e-02  -1.95884244e+00
   -1.57211606e+00   1.08855448e+01]]
fun: 21.641643132
x: [ -0.02211163  -0.02426637   0.0703246    0.92125089  -2.26477374
  19.99634398]
message: Optimization terminated successfully.
jac: [ -1.90734863e-06  -8.10623169e-06  -5.72204590e-06   1.43051147e-06
  -1.43051147e-06   4.76837158e-07]
nit: 15

--------------------------------------------------
Function: (a * x1 * x2) + (b * x1^2) + (c * x2^2) + (d * x1) + (e * x2) + f
--------------------------------------------------
RegType: lasso
Inputs: CS, SH
Output: HR
status: 0
success: True
r_sq: 0.348372996551
njev: 19
nfev: 152
hess_inv: [[  5.32600195e-03  -8.73794116e-04  -7.70267326e-04  -7.86860508e-03
   -2.32174213e-02   6.08741162e-02]
 [ -8.73794116e-04   1.70920127e-03   1.40495081e-05  -2.60494073e-02
    6.43250691e-03   5.28314436e-02]
 [ -7.70267326e-04   1.40495081e-05   1.88579006e-03   4.79192323e-03
   -2.34897357e-02   1.49589174e-02]
 [ -7.86860508e-03  -2.60494073e-02   4.79192323e-03   5.97837964e-01
   -6.99699768e-02  -1.61243274e+00]
 [ -2.32174213e-02   6.43250691e-03  -2.34897357e-02  -6.99699768e-02
    6.35204009e-01  -8.22873744e-01]
 [  6.08741162e-02   5.28314436e-02   1.49589174e-02  -1.61243274e+00
   -8.22873744e-01   8.79247803e+00]]
fun: 22.0529591043
x: [  1.43498870e-02  -4.86996734e-03   6.74815805e-02  -3.17486803e-01
  -2.35413013e+00   2.48057335e+01]
message: Optimization terminated successfully.
jac: [  0.00000000e+00  -2.38418579e-07   0.00000000e+00   0.00000000e+00
  -2.38418579e-07   0.00000000e+00]
nit: 15

--------------------------------------------------
Function: (a * x1 * x2) + (b * x1^2) + (c * x2^2) + (d * x1) + (e * x2) + f
--------------------------------------------------
RegType: lasso
Inputs: SH, GIDP
Output: RBI
status: 0
success: True
r_sq: 0.346842006284
njev: 18
nfev: 144
hess_inv: [[  5.82968447e-03   3.85412565e-04   7.72058788e-04  -7.10181705e-02
   -3.70162283e-02   3.27752241e-01]
 [  3.85412565e-04   1.77103064e-03   7.77248871e-05  -3.07303821e-02
   -4.31583499e-03   7.55154305e-02]
 [  7.72058788e-04   7.77248871e-05   1.53442978e-03  -9.88880557e-03
   -4.35063059e-02   2.64101379e-01]
 [ -7.10181705e-02  -3.07303821e-02  -9.88880557e-03   1.37419397e+00
    4.98632132e-01  -5.40886016e+00]
 [ -3.70162283e-02  -4.31583499e-03  -4.35063059e-02   4.98632132e-01
    1.35361640e+00  -9.06221173e+00]
 [  3.27752241e-01   7.55154305e-02   2.64101379e-01  -5.40886016e+00
   -9.06221173e+00   6.99544111e+01]]
fun: 102.743737009
x: [ -3.87846203e-02   1.53779672e-01  -4.61355300e-02  -4.61920776e+00
   2.23646776e+00   6.69274756e+01]
message: Optimization terminated successfully.
jac: [ -9.53674316e-07  -1.90734863e-06  -8.58306885e-06  -1.90734863e-06
  -1.90734863e-06   0.00000000e+00]
nit: 12

--------------------------------------------------
Function: (a * x1 * x2) + (b * x1^2) + (c * x2^2) + (d * x1) + (e * x2) + f
--------------------------------------------------
RegType: lasso
Inputs: CS, SH
Output: RBI
status: 0
success: True
r_sq: 0.344984116629
njev: 17
nfev: 136
hess_inv: [[  5.32205835e-03  -8.78241078e-04  -7.77214483e-04  -7.72206379e-03
   -2.30302128e-02   5.97654545e-02]
 [ -8.78241078e-04   1.72140453e-03   1.87758842e-05  -2.62384311e-02
    6.41271892e-03   5.24195495e-02]
 [ -7.77214483e-04   1.87758842e-05   1.88806450e-03   4.74966757e-03
   -2.34646635e-02   1.45050812e-02]
 [ -7.72206379e-03  -2.62384311e-02   4.74966757e-03   6.00116749e-01
   -7.10220092e-02  -1.59430140e+00]
 [ -2.30302128e-02   6.41271892e-03  -2.34646635e-02  -7.10220092e-02
    6.32957533e-01  -8.02967653e-01]
 [  5.97654545e-02   5.24195495e-02   1.45050812e-02  -1.59430140e+00
   -8.02967653e-01   8.66477918e+00]]
fun: 105.032686615
x: [  3.31700723e-02  -1.21076769e-02   1.52632664e-01  -7.73533228e-01
  -5.20243617e+00   9.05666402e+01]
message: Optimization terminated successfully.
