Function: (a * x1 * x2) + (b * x1^2) + (c * x2^2) + (d * x1) + (e * x2) + f
--------------------------------------------------
RegType: ridge
Inputs: G, H
Output: AB
status: 0
success: True
r_sq: 0.800771003296
njev: 23
nfev: 184
hess_inv: [[  6.77951624e-05  -5.61024968e-05  -1.34141384e-05   6.18330348e-03
   -5.90039598e-03   5.78583515e-05]
 [ -5.61024968e-05   5.13479832e-05   7.66588341e-06  -6.38879516e-03
    5.94236074e-03   1.79829873e-04]
 [ -1.34141384e-05   7.66588337e-06   5.69978974e-06  -2.26929381e-04
    2.19908813e-04  -2.15708303e-06]
 [  6.18330348e-03  -6.38879516e-03  -2.26929382e-04   9.16398657e-01
   -8.51873853e-01  -6.02188653e-02]
 [ -5.90039598e-03   5.94236074e-03   2.19908815e-04  -8.51873853e-01
    8.13190928e-01  -8.24740636e-03]
 [  5.78583494e-05   1.79829874e-04  -2.15708206e-06  -6.02188653e-02
   -8.24740636e-03   4.95315565e+00]]
fun: 150.889534241
x: [ 0.01282926 -0.00580175 -0.00519152  2.42581538  0.98131884  0.07883043]
message: Optimization terminated successfully.
jac: [  0.00000000e+00  -1.90734863e-06   3.81469727e-06   0.00000000e+00
  -1.90734863e-06  -1.90734863e-06]
nit: 15

--------------------------------------------------
Function: (a * x1 * x2) + (b * x1^2) + (c * x2^2) + (d * x1) + (e * x2) + f
--------------------------------------------------
RegType: ridge
Inputs: G, H
Output: avg
status: 0
success: True
r_sq: 0.778813501879
njev: 23
nfev: 184
hess_inv: [[  6.75224743e-05  -5.58523026e-05  -1.34035027e-05   6.14661754e-03
   -5.86275592e-03   1.80366675e-04]
 [ -5.58523026e-05   5.10845805e-05   7.65809685e-06  -6.34993630e-03
    5.90751607e-03   4.50762170e-05]
 [ -1.34035027e-05   7.65809684e-06   5.69917735e-06  -2.25788493e-04
    2.18465208e-04  -6.49316912e-06]
 [  6.14661754e-03  -6.34993630e-03  -2.25788493e-04   9.10673699e-01
   -8.46767816e-01  -4.11545365e-02]
 [ -5.86275592e-03   5.90751607e-03   2.18465208e-04  -8.46767816e-01
    8.07994755e-01  -2.50683777e-02]
 [  1.80366675e-04   4.50762170e-05  -6.49316905e-06  -4.11545365e-02
   -2.50683777e-02   4.98565127e+00]]
fun: 4.18524190399e-05
x: [ -1.13780882e-05  -3.69061441e-06  -5.40713648e-07   1.09297080e-03
   3.07024381e-03  -4.16787762e-04]
message: Optimization terminated successfully.
jac: [  3.62899300e-07  -7.62898162e-06   9.25565928e-06   5.75895683e-07
  -8.54970494e-07  -2.19570666e-07]
nit: 15

--------------------------------------------------
Function: (a * x1 * x2) + (b * x1^2) + (c * x2^2) + (d * x1) + (e * x2) + f
--------------------------------------------------
RegType: ridge
Inputs: 2B, HR
Output: RBI
status: 0
success: True
r_sq: 0.767017535808
njev: 23
nfev: 184
hess_inv: [[  2.68606566e-04  -1.38131075e-04  -4.34624395e-05   3.23707251e-03
   -5.41079872e-03   1.11764431e-03]
 [ -1.38131075e-04   1.19213088e-04   1.60084838e-06  -3.70511418e-03
    3.82409557e-03   4.35962633e-03]
 [ -4.34624395e-05   1.60084838e-06   8.53264509e-05   9.93566642e-04
   -2.46856270e-03   6.75926152e-05]
 [  3.23707251e-03  -3.70511418e-03   9.93566642e-04   1.43676109e-01
   -1.45987361e-01  -2.86402760e-01]
 [ -5.41079872e-03   3.82409557e-03  -2.46856270e-03  -1.45987361e-01
    2.69437882e-01  -3.25874240e-02]
 [  1.11764431e-03   4.35962633e-03   6.75926152e-05  -2.86402760e-01
   -3.25874240e-02   4.29224733e+00]]
fun: 35.2887415704
x: [-0.00502916 -0.02262978 -0.00362759  2.17125623  2.04614458  0.73829379]
message: Optimization terminated successfully.
jac: [ -2.38418579e-06  -3.33786011e-06  -2.38418579e-06   0.00000000e+00
  -4.76837158e-07   0.00000000e+00]
nit: 16

--------------------------------------------------
Function: (a * x1 * x2) + (b * x1^2) + (c * x2^2) + (d * x1) + (e * x2) + f
--------------------------------------------------
RegType: ridge
Inputs: RBI, SH
Output: HR
status: 0
success: True
r_sq: 0.743922985178
njev: 17
nfev: 136
hess_inv: [[  2.59840721e-04  -1.02151544e-06   8.10826843e-05  -3.93289045e-05
   -1.44454499e-02   3.34039187e-03]
 [ -1.02151544e-06   9.49248660e-07  -1.15828025e-05  -9.92067170e-05
    3.81794478e-04   6.07303260e-04]
 [  8.10826843e-05  -1.15828025e-05   1.69196984e-03   1.32040324e-03
   -2.93346427e-02   3.77970709e-03]
 [ -3.93289045e-05  -9.92067170e-05   1.32040324e-03   1.13904664e-02
   -3.47729147e-02  -1.12102046e-01]
 [ -1.44454499e-02   3.81794478e-04  -2.93346427e-02  -3.47729147e-02
    1.29975398e+00  -2.95729702e-01]
 [  3.34039187e-03   6.07303260e-04   3.77970709e-03  -1.12102046e-01
   -2.95729702e-01   4.88046908e+00]]
fun: 7.81899562014
x: [-0.00195544  0.00117993  0.01303382  0.16336663 -0.46718692 -0.09708931]
message: Optimization terminated successfully.
jac: [  1.78813934e-07   6.97374344e-06   0.00000000e+00   5.96046448e-08
   5.96046448e-08  -5.96046448e-08]
nit: 12

--------------------------------------------------
Function: (a * x1 * x2) + (b * x1^2) + (c * x2^2) + (d * x1) + (e * x2) + f
--------------------------------------------------
RegType: ridge
Inputs: RBI, weight
Output: HR
status: 0
success: True
r_sq: 0.742372412581
njev: 22
nfev: 176
hess_inv: [[  1.07557475e-05  -3.31202544e-06  -3.61020720e-06  -1.52900755e-03
    5.87555475e-04   1.22881500e-05]
 [ -3.31202544e-06   4.67291773e-06   6.63592761e-07  -1.10722465e-04
    1.51187980e-05  -7.33418653e-06]
 [ -3.61020720e-06   6.63592761e-07   1.36915079e-06   5.83449383e-04
   -2.41601501e-04   1.20097172e-04]
 [ -1.52900755e-03  -1.10722465e-04   5.83449383e-04   3.14033651e-01
   -1.16114649e-01  -6.62208777e-04]
 [  5.87555475e-04   1.51187980e-05  -2.41601501e-04  -1.16114649e-01
    4.74659327e-02  -4.98169864e-02]
 [  1.22881500e-05  -7.33418653e-06   1.20097172e-04  -6.62208777e-04
   -4.98169864e-02   4.99538782e+00]]
fun: 7.84979556209
x: [ -2.23851058e-04   8.51164860e-04   4.93801910e-04   2.75055814e-01
  -1.20155179e-01  -2.35006284e-02]
message: Optimization terminated successfully.
jac: [ -4.17232513e-07  -1.78813934e-07  -1.07288361e-06   0.00000000e+00
  -5.96046448e-08   0.00000000e+00]
nit: 13

--------------------------------------------------
Function: (a * x1 * x2) + (b * x1^2) + (c * x2^2) + (d * x1) + (e * x2) + f
--------------------------------------------------
RegType: ridge
Inputs: RBI, BB
Output: HR
status: 0
success: True
r_sq: 0.742304234326
njev: 26
nfev: 208
hess_inv: [[  7.21022301e-06  -3.45115593e-06  -2.93833736e-06   1.26539941e-04
   -1.69841449e-04   3.84605527e-04]
 [ -3.45115593e-06   3.12370896e-06   8.88009622e-08  -2.67649715e-04
    2.67012271e-04   3.69464873e-04]
 [ -2.93833736e-06   8.88009622e-08   3.61992478e-06   1.65251010e-04
   -2.38754691e-04   1.03822313e-04]
 [  1.26539941e-04  -2.67649715e-04   1.65251010e-04   3.46001464e-02
   -3.50752609e-02  -8.56726913e-02]
 [ -1.69841449e-04   2.67012271e-04  -2.38754691e-04  -3.50752609e-02
    4.72957739e-02  -4.88996556e-02]
 [  3.84605527e-04   3.69464873e-04   1.03822313e-04  -8.56726913e-02
   -4.88996556e-02   4.85338887e+00]]
fun: 7.85014642102
x: [ 0.00153741  0.00070092  0.00027143  0.15961542 -0.10492766 -0.19213385]
message: Optimization terminated successfully.
jac: [  4.05311584e-06   5.54323196e-06   3.45706940e-06   0.00000000e+00
   0.00000000e+00   0.00000000e+00]
nit: 18

--------------------------------------------------
Function: (a * x1 * x2) + (b * x1^2) + (c * x2^2) + (d * x1) + (e * x2) + f
--------------------------------------------------
RegType: ridge
Inputs: R, HR
Output: RBI
status: 0
success: True
r_sq: 0.741809523986
njev: 21
nfev: 168
hess_inv: [[  1.00153837e-04  -1.76839572e-05  -8.37182219e-05   1.23193292e-03
   -5.31776491e-03  -3.43813026e-04]
 [ -1.76839572e-05   4.42369499e-06   9.25837880e-06  -3.54707423e-04
    1.14621879e-03   7.64966885e-04]
 [ -8.37182219e-05   9.25837880e-06   1.53836626e-04  -2.62705518e-04
    1.03414516e-03   8.57796618e-05]
 [  1.23193292e-03  -3.54707423e-04  -2.62705518e-04   3.22894316e-02
   -9.99989969e-02  -1.25918584e-01]
 [ -5.31776491e-03   1.14621879e-03   1.03414516e-03  -9.99989969e-02
    4.42695698e-01   2.67678468e-02]
 [ -3.43813026e-04   7.64966885e-04   8.57796618e-05  -1.25918584e-01
    2.67678468e-02   4.93871131e+00]]
fun: 38.3585628023
x: [ 0.01462418 -0.0066378  -0.02124371  1.02356383  1.35798335  0.3051601 ]
message: Optimization terminated successfully.
jac: [  9.53674316e-07   3.81469727e-06   0.00000000e+00  -4.76837158e-07
   0.00000000e+00   0.00000000e+00]
nit: 12

--------------------------------------------------
Function: (a * x1 * x2) + (b * x1^2) + (c * x2^2) + (d * x1) + (e * x2) + f
--------------------------------------------------
RegType: ridge
Inputs: RBI, height
Output: HR
status: 0
success: True
r_sq: 0.738609991933
njev: 22
nfev: 176
hess_inv: [[  3.60809727e-04  -1.38545146e-05  -3.27857822e-04  -2.40565255e-02
    2.26903540e-02   6.22795977e-04]
 [ -1.38545146e-05   4.06068715e-06   1.12673336e-05   3.64400551e-04
   -5.00066090e-04  -1.39689533e-05]
 [ -3.27857822e-04   1.12673336e-05   3.84887786e-04   2.18974024e-02
   -2.68844564e-02   2.03606370e-04]
 [ -2.40565255e-02   3.64400551e-04   2.18974024e-02   1.69653880e+00
   -1.56325106e+00  -4.28614973e-02]
 [  2.26903540e-02  -5.00066090e-04  -2.68844564e-02  -1.56325106e+00
    1.90529518e+00  -8.47123169e-02]
 [  6.22795977e-04  -1.39689533e-05   2.03606370e-04  -4.28614973e-02
   -8.47123169e-02   4.97575887e+00]]
fun: 7.96412698962
x: [ 0.00497507  0.00054924  0.00263843 -0.07515576 -0.28836546 -0.00753835]
message: Optimization terminated successfully.
jac: [ -1.07288361e-06  -1.31130219e-06  -9.53674316e-07   0.00000000e+00
  -5.96046448e-08   0.00000000e+00]
nit: 14

--------------------------------------------------
Function: (a * x1 * x2) + (b * x1^2) + (c * x2^2) + (d * x1) + (e * x2) + f
--------------------------------------------------
RegType: ridge
Inputs: HR, age
Output: RBI
status: 0
success: True
r_sq: 0.735036537366
njev: 17
nfev: 136
hess_inv: [[  8.65683424e-04  -5.77756539e-05  -4.57510746e-04  -2.25546330e-02
    1.26618943e-02   1.26291226e-03]
 [ -5.77756539e-05   7.85654810e-05   6.87622381e-06  -1.62487869e-03
    6.36631847e-04   5.26777308e-05]
 [ -4.57510746e-04   6.87622381e-06   4.01627809e-04   1.31165345e-02
   -1.20184194e-02   4.55379787e-03]
 [ -2.25546330e-02  -1.62487869e-03   1.31165345e-02   7.35167561e-01
   -4.08007564e-01  -3.97064167e-02]
 [  1.26618943e-02   6.36631847e-04  -1.20184194e-02  -4.08007564e-01
    3.82949238e-01  -3.04670034e-01]
 [  1.26291226e-03   5.26777308e-05   4.55379787e-03  -3.97064167e-02
   -3.04670034e-01   4.97418571e+00]]
fun: 40.1400668439
x: [-0.00532371 -0.00867753 -0.03146321  2.39441834  2.24788593  0.17103642]
message: Optimization terminated successfully.
jac: [ -4.76837158e-07  -4.76837158e-07   1.43051147e-06   2.86102295e-06
  -1.90734863e-06   0.00000000e+00]
nit: 10

--------------------------------------------------
Function: (a * x1 * x2) + (b * x1^2) + (c * x2^2) + (d * x1) + (e * x2) + f
--------------------------------------------------
RegType: ridge
Inputs: HR, height
Output: RBI
status: 0
success: True
r_sq: 0.73415078155
njev: 20
nfev: 160
hess_inv: [[  8.10167042e-04  -8.20721160e-05  -1.89999372e-04  -5.53286679e-02
    1.33348647e-02   4.36410298e-04]
 [ -8.20721160e-05   8.59593106e-05   2.61053381e-05   2.27589610e-03
   -1.50309530e-03  -4.60438594e-05]
 [ -1.89999372e-04   2.61053381e-05   1.34972986e-04   1.22240023e-02
   -9.57418374e-03   6.66063544e-04]
 [ -5.53286679e-02   2.27589610e-03   1.22240023e-02   3.94059052e+00
   -8.75602561e-01  -2.89691204e-02]
 [  1.33348647e-02  -1.50309530e-03  -9.57418374e-03  -8.75602561e-01
    6.83018108e-01  -1.17445455e-01]
 [  4.36410298e-04  -4.60438594e-05   6.66063544e-04  -2.89691204e-02
   -1.17445455e-01   4.98286372e+00]]
fun: 39.3324768493
x: [ 0.02010544 -0.00939556 -0.00526163  0.77292162  0.91462477  0.02265864]
message: Optimization terminated successfully.
jac: [ -9.53674316e-07  -9.53674316e-07  -1.43051147e-06  -1.43051147e-06
  -4.76837158e-07  -9.53674316e-07]
nit: 13

--------------------------------------------------
Function: (a * x1 * x2) + (b * x1^2) + (c * x2^2) + (d * x1) + (e * x2) + f
--------------------------------------------------
RegType: ridge
Inputs: RBI, CS
Output: HR
status: 0
success: True
r_sq: 0.731210044214
njev: 16
nfev: 128
hess_inv: [[  1.26966670e-04  -4.95542444e-06   9.23357657e-05   3.19936707e-04
   -8.85167459e-03   2.53365685e-03]
 [ -4.95542444e-06   1.07015967e-06  -1.27124503e-05  -1.09903065e-04
    6.12781761e-04   5.54680786e-04]
 [  9.23357657e-05  -1.27124503e-05   1.48656721e-03   1.70128005e-03
   -3.00114704e-02   3.39427919e-03]
 [  3.19936707e-04  -1.09903065e-04   1.70128005e-03   1.28026208e-02
   -6.18748900e-02  -1.07208178e-01]
 [ -8.85167459e-03   6.12781761e-04  -3.00114704e-02  -6.18748900e-02
    1.10264229e+00  -2.53811225e-01]
 [  2.53365685e-03   5.54680786e-04   3.39427919e-03  -1.07208178e-01
   -2.53811225e-01   4.89002851e+00]]
fun: 8.20457592999
x: [ 0.00252553  0.00136162  0.00675995  0.14406944 -0.44756589 -0.14187788]
message: Optimization terminated successfully.
jac: [  1.19209290e-07   1.19209290e-07   1.19209290e-07   1.19209290e-07
   0.00000000e+00   1.19209290e-07]
nit: 12

--------------------------------------------------
Function: (a * x1 * x2) + (b * x1^2) + (c * x2^2) + (d * x1) + (e * x2) + f
--------------------------------------------------
RegType: ridge
Inputs: RBI, SB
Output: HR
status: 0
success: True
r_sq: 0.72929568391
njev: 24
nfev: 192
hess_inv: [[  1.81293015e-05  -1.77709273e-06   5.06745872e-06   1.23250976e-04
   -1.32816001e-03   9.52796983e-04]
 [ -1.77709273e-06   9.71855808e-07  -1.15171140e-06  -9.82885155e-05
    1.94976118e-04   5.93460967e-04]
 [  5.06745872e-06  -1.15171140e-06   1.45161175e-05   1.39604151e-04
   -1.07518975e-03   4.41049796e-04]
 [  1.23250976e-04  -9.82885155e-05   1.39604151e-04   1.12389725e-02
   -1.84821164e-02  -1.12800446e-01]
 [ -1.32816001e-03   1.94976118e-04  -1.07518975e-03  -1.84821164e-02
    1.45187844e-01  -9.37412160e-02]
 [  9.52796983e-04   5.93460967e-04   4.41049796e-04  -1.12800446e-01
   -9.37412160e-02   4.96731560e+00]]
fun: 8.24616530122
x: [ 0.0012097   0.00142482  0.00107864  0.13498851 -0.17807075 -0.15680923]
message: Optimization terminated successfully.
jac: [ -3.57627869e-07  -1.90734863e-06  -2.38418579e-07   0.00000000e+00
   0.00000000e+00   0.00000000e+00]
nit: 17

--------------------------------------------------
Function: (a * x1 * x2) + (b * x1^2) + (c * x2^2) + (d * x1) + (e * x2) + f
--------------------------------------------------
RegType: ridge
Inputs: HR, SF
Output: RBI
status: 0
success: True
r_sq: 0.725850731188
njev: 20
nfev: 160
hess_inv: [[  2.37157594e-03  -1.69890140e-04  -3.77565276e-03  -3.49563106e-03
    1.65627422e-03   1.65722368e-02]
 [ -1.69890140e-04   7.29287736e-05   2.40384019e-05  -2.15019171e-03
    3.72318662e-03   2.25543130e-03]
 [ -3.77565276e-03   2.40384019e-05   1.71003265e-02   1.83929178e-02
   -1.12204525e-01   2.92437643e-02]
 [ -3.49563106e-03  -2.15019171e-03   1.83929178e-02   1.14873227e-01
   -2.14391121e-01  -2.06842372e-01]
 [  1.65627422e-03   3.72318662e-03  -1.12204525e-01  -2.14391121e-01
    1.33618083e+00  -7.68105651e-01]
 [  1.65722368e-02   2.25543130e-03   2.92437643e-02  -2.06842372e-01
   -7.68105651e-01   4.26513989e+00]]
fun: 47.621032439
x: [-0.10576474 -0.02151218 -0.10240033  3.40287153  6.12426197  4.79344678]
message: Optimization terminated successfully.
jac: [ -9.53674316e-07  -5.72204590e-06   0.00000000e+00   4.76837158e-07
   9.53674316e-07   0.00000000e+00]
nit: 14

--------------------------------------------------
Function: (a * x1 * x2) + (b * x1^2) + (c * x2^2) + (d * x1) + (e * x2) + f
--------------------------------------------------
RegType: ridge
Inputs: AB, R
Output: H
status: 0
success: True
r_sq: 0.718813804789
njev: 20
nfev: 160
hess_inv: [[  3.49983868e-06  -4.30879890e-07  -4.04259258e-06   1.87605841e-04
   -1.25144562e-03  -2.27925923e-07]
 [ -4.30879890e-07   5.91318023e-08   3.15878107e-07  -2.85824409e-05
    1.83648256e-04   1.64335524e-05]
 [ -4.04259258e-06   3.15878107e-07   1.33627221e-05  -1.33931375e-05
    8.54527991e-06   2.65926203e-06]
 [  1.87605841e-04  -2.85824409e-05  -1.33931375e-05   1.56658770e-02
   -1.01565491e-01  -1.81529476e-02]
 [ -1.25144562e-03   1.83648256e-04   8.54527991e-06  -1.01565491e-01
    6.92891498e-01  -5.41180329e-04]
 [ -2.27925923e-07   1.64335524e-05   2.65926203e-06  -1.81529476e-02
   -5.41180329e-04   4.99895818e+00]]
fun: 39.9084137891
x: [  3.94277757e-04   4.04988488e-05   5.04825635e-05   1.95358693e-01
   1.98522868e-01   2.05760257e-03]
message: Optimization terminated successfully.
jac: [ -9.53674316e-07  -4.76837158e-07   4.76837158e-07   0.00000000e+00
   0.00000000e+00  -9.53674316e-07]
nit: 12

--------------------------------------------------
Function: (a * x1 * x2) + (b * x1^2) + (c * x2^2) + (d * x1) + (e * x2) + f
--------------------------------------------------
RegType: ridge
Inputs: HR, BB
Output: RBI
status: 0
success: True
r_sq: 0.673839696848
njev: 22
nfev: 176
hess_inv: [[  4.42143470e-05  -3.86408723e-05  -9.44535248e-06  -1.10861098e-03
    3.83397341e-04   7.54076376e-04]
 [ -3.86408723e-05   1.10221891e-04   2.54640055e-06  -2.14350208e-03
    3.98246615e-04   3.92732011e-04]
 [ -9.44535248e-06   2.54640055e-06   3.40653421e-06   4.89697091e-04
   -2.28351651e-04   6.48574886e-04]
 [ -1.10861098e-03  -2.14350208e-03   4.89697091e-04   1.73643153e-01
   -4.64926198e-02  -7.38636018e-02]
 [  3.83397341e-04   3.98246615e-04  -2.28351651e-04  -4.64926198e-02
    2.18721940e-02  -1.16210655e-01]
 [  7.54076376e-04   3.92732011e-04   6.48574886e-04  -7.38636018e-02
   -1.16210655e-01   4.61610217e+00]]
fun: 49.7012603053
x: [-0.00638477 -0.01101112 -0.00500056  2.8139319   0.90266382  2.73582027]
message: Optimization terminated successfully.
jac: [ -1.43051147e-06  -9.53674316e-07  -4.29153442e-06   4.76837158e-07
   4.76837158e-07   0.00000000e+00]
nit: 16

--------------------------------------------------
Function: (a * x1 * x2) + (b * x1^2) + (c * x2^2) + (d * x1) + (e * x2) + f
--------------------------------------------------
RegType: ridge
Inputs: AB, SH
Output: H
status: 0
success: True
r_sq: 0.651371817499
njev: 20
nfev: 160
hess_inv: [[  1.25842788e-05  -7.13890154e-08  -3.97606867e-05   3.75623692e-05
   -6.23741860e-03  -7.52651894e-05]
 [ -7.13890154e-08   2.67143740e-09   8.24746104e-08  -1.51488700e-06
    3.79863829e-05   1.66795568e-05]
 [ -3.97606867e-05   8.24746104e-08   1.74157657e-03   1.66187732e-05
   -3.61295585e-03   6.14796434e-06]
 [  3.75623692e-05  -1.51488700e-06   1.66187732e-05   8.87852060e-04
   -2.15406363e-02  -1.82404370e-02]
 [ -6.23741860e-03   3.79863829e-05  -3.61295585e-03  -2.15406363e-02
    3.54255820e+00   4.17966200e-02]
 [ -7.52651894e-05   1.66795568e-05   6.14796434e-06  -1.82404370e-02
    4.17966200e-02   4.93578967e+00]]
fun: 49.4800301717
x: [ -1.41160222e-03   1.28510707e-04   2.63874431e-02   2.12166661e-01
  -2.16323261e-01   1.59149310e-02]
message: Optimization terminated successfully.
jac: [  0.00000000e+00   8.10623169e-06   4.76837158e-07   0.00000000e+00
   0.00000000e+00  -4.76837158e-07]
nit: 15

--------------------------------------------------
Function: (a * x1 * x2) + (b * x1^2) + (c * x2^2) + (d * x1) + (e * x2) + f
--------------------------------------------------
RegType: ridge
Inputs: 3B, HR
Output: RBI
status: 0
success: True
r_sq: 0.647875772467
njev: 15
nfev: 120
hess_inv: [[  1.36063842e-03  -4.49925602e-04  -2.85196336e-05  -1.16568982e-02
   -2.17318982e-03   1.73796386e-02]
 [ -4.49925602e-04   6.54790752e-03  -1.17112595e-04  -6.09756392e-02
    7.26752193e-03   1.83234899e-02]
 [ -2.85196336e-05  -1.17112595e-04   5.55411819e-05   2.42386200e-03
   -1.94976858e-03   3.96608641e-03]
 [ -1.16568982e-02  -6.09756392e-02   2.42386200e-03   9.23007649e-01
   -8.80394834e-02  -6.15216575e-01]
 [ -2.17318982e-03   7.26752193e-03  -1.94976858e-03  -8.80394834e-02
    8.64485100e-02  -2.75647618e-01]
 [  1.73796386e-02   1.83234899e-02   3.96608641e-03  -6.15216575e-01
   -2.75647618e-01   4.28822578e+00]]
fun: 58.6242458765
x: [-0.12747102 -0.1473667  -0.03847963  4.9153935   4.32101833  4.92975332]
message: Optimization terminated successfully.
jac: [  4.76837158e-07  -4.76837158e-07   2.38418579e-06   0.00000000e+00
   4.76837158e-07  -4.76837158e-07]
nit: 12

--------------------------------------------------
Function: (a * x1 * x2) + (b * x1^2) + (c * x2^2) + (d * x1) + (e * x2) + f
--------------------------------------------------
RegType: ridge
Inputs: H, IBB
Output: AB
status: 0
success: True
r_sq: 0.645321178913
njev: 18
nfev: 144
hess_inv: [[  7.31504123e-05  -2.83815265e-06   4.21138132e-06   4.45173449e-04
   -1.14570473e-02  -2.59465074e-04]
 [ -2.83815265e-06   2.60409886e-07  -3.26122443e-07  -4.27770187e-05
    4.49711690e-04   2.21366736e-04]
 [  4.21138132e-06  -3.26122443e-07   8.22525676e-05   1.06109590e-04
   -3.03269427e-03  -5.02138341e-05]
 [  4.45173449e-04  -4.27770187e-05   1.06109590e-04   7.45196288e-03
   -7.46590656e-02  -6.89999715e-02]
 [ -1.14570473e-02   4.49711690e-04  -3.03269427e-03  -7.46590656e-02
    1.93134064e+00   4.21890307e-02]
 [ -2.59465074e-04   2.21366736e-04  -5.02138341e-05  -6.89999715e-02
    4.21890307e-02   5.24680748e+00]]
fun: 270.355602417
x: [ -1.68769406e-02  -1.01425002e-02  -3.90019964e-03   5.21266087e+00
   1.42897025e+00   5.67618456e-01]
message: Optimization terminated successfully.
jac: [  3.81469727e-06   7.62939453e-06   0.00000000e+00   0.00000000e+00
   0.00000000e+00   0.00000000e+00]
nit: 14

--------------------------------------------------
Function: (a * x1 * x2) + (b * x1^2) + (c * x2^2) + (d * x1) + (e * x2) + f
--------------------------------------------------
RegType: ridge
Inputs: HR, SH
Output: RBI
status: 0
success: True
r_sq: 0.644584775208
njev: 17
nfev: 136
hess_inv: [[  1.92644301e-03   6.57793383e-05   3.70518184e-04  -3.94973198e-03
   -1.87317986e-02   1.94257141e-02]
 [  6.57793383e-05   5.46900777e-05  -4.43781194e-05  -1.93709655e-03
    6.16017727e-04   5.35479792e-03]
 [  3.70518184e-04  -4.43781194e-05   1.64757688e-03   1.36984644e-03
   -2.54869597e-02   1.37319511e-02]
 [ -3.94973198e-03  -1.93709655e-03   1.36984644e-03   7.97264787e-02
   -3.52879600e-03  -3.28886523e-01]
 [ -1.87317986e-02   6.16017727e-04  -2.54869597e-02  -3.52879600e-03
    5.89386397e-01  -5.53504654e-01]
 [  1.94257141e-02   5.35479792e-03   1.37319511e-02  -3.28886523e-01
   -5.53504654e-01   4.46732851e+00]]
fun: 58.4549427967
x: [-0.18042742 -0.05262263 -0.08955583  4.8839005   3.97263793  4.57735943]
message: Optimization terminated successfully.
jac: [ -4.76837158e-07   9.53674316e-07  -9.53674316e-07  -1.43051147e-06
  -9.53674316e-07  -9.53674316e-07]
nit: 14

--------------------------------------------------
Function: (a * x1 * x2) + (b * x1^2) + (c * x2^2) + (d * x1) + (e * x2) + f
--------------------------------------------------
RegType: ridge
Inputs: AB, GIDP
Output: H
status: 0
success: True
r_sq: 0.641684036714
njev: 19
nfev: 152
hess_inv: [[  1.24747082e-05  -2.25311483e-07  -6.50716059e-05   1.06325381e-04
   -5.13306569e-03   9.92496350e-05]
 [ -2.25311483e-07   6.73773465e-09   4.75806902e-07  -3.64708530e-06
    1.12251622e-04   1.40949343e-05]
 [ -6.50716059e-05   4.75806902e-07   1.54821758e-03   1.59159898e-04
   -5.31789029e-03  -8.79692884e-06]
 [  1.06325381e-04  -3.64708530e-06   1.59159898e-04   2.14977177e-03
   -6.49483100e-02  -1.67844399e-02]
 [ -5.13306569e-03   1.12251622e-04  -5.31789029e-03  -6.49483100e-02
    3.04069418e+00  -5.45429555e-02]
 [  9.92496350e-05   1.40949343e-05  -8.79692884e-06  -1.67844399e-02
   -5.45429555e-02   4.92160105e+00]]
fun: 50.8521621038
x: [  2.21006844e-04   1.24379167e-04  -9.29318591e-04   2.03974965e-01
   1.58353335e-01   1.79623397e-02]
message: Optimization terminated successfully.
jac: [  0.00000000e+00   2.86102295e-06  -1.43051147e-06  -4.76837158e-07
  -4.76837158e-07  -4.76837158e-07]
nit: 14

--------------------------------------------------
Function: (a * x1 * x2) + (b * x1^2) + (c * x2^2) + (d * x1) + (e * x2) + f
--------------------------------------------------
RegType: ridge
Inputs: AB, BB
Output: G
status: 0
success: True
r_sq: 0.641579753061
njev: 22
nfev: 176
hess_inv: [[  1.06232852e-06  -1.08588477e-07   3.80790315e-07   6.21137182e-05
   -6.23407283e-04  -1.03594741e-04]
 [ -1.08588477e-07   1.39493178e-08  -7.22936128e-08  -8.28866842e-06
    6.90425182e-05   2.68446731e-05]
 [  3.80790315e-07  -7.22936128e-08   3.04477512e-06   6.07030624e-05
   -6.06509414e-04  -1.12896557e-04]
 [  6.21137182e-05  -8.28866842e-06   6.07030624e-05   5.10727345e-03
   -4.24278544e-02  -2.43652327e-02]
 [ -6.23407283e-04   6.90425182e-05  -6.06509414e-04  -4.24278544e-02
    4.20179066e-01   7.13021310e-02]
 [ -1.03594741e-04   2.68446731e-05  -1.12896557e-04  -2.43652327e-02
    7.13021310e-02   4.79785654e+00]]
fun: 8.73593793896
x: [  8.40325504e-05  -2.33593160e-04   4.19155787e-04   3.90841472e-01
   1.39149782e-03  -9.39443129e-03]
message: Optimization terminated successfully.
jac: [  2.38418579e-07   2.50339508e-06   1.19209290e-07   0.00000000e+00
   0.00000000e+00   0.00000000e+00]
nit: 15

--------------------------------------------------
Function: (a * x1 * x2) + (b * x1^2) + (c * x2^2) + (d * x1) + (e * x2) + f
--------------------------------------------------
RegType: ridge
Inputs: AB, height
Output: H
status: 0
success: True
r_sq: 0.639411295075
njev: 20
nfev: 160
hess_inv: [[  3.47328120e-05  -1.50151041e-06  -1.69839732e-04  -8.49719156e-04
    5.99414792e-03   2.01758964e-04]
 [ -1.50151041e-06   1.20012875e-07   4.92360766e-06  -2.29943185e-05
    1.36970784e-04   4.35947593e-06]
 [ -1.69839732e-04   4.92360766e-06   1.02287164e-03   6.84508005e-03
   -5.34945494e-02  -8.39367322e-04]
 [ -8.49719156e-04  -2.29943185e-05   6.84508005e-03   8.61731766e-02
   -5.85803337e-01  -1.94420800e-02]
 [  5.99414792e-03   1.36970784e-04  -5.34945494e-02  -5.85803337e-01
    4.45221955e+00   1.03738971e-02]
 [  2.01758964e-04   4.35947593e-06  -8.39367322e-04  -1.94420800e-02
    1.03738971e-02   4.98131634e+00]]
fun: 51.1724085733
x: [-0.00129979  0.00024215  0.00509462  0.17443336  0.11816765  0.00202623]
message: Optimization terminated successfully.
jac: [  4.76837158e-07   3.81469727e-06   0.00000000e+00   0.00000000e+00
   4.76837158e-07   9.53674316e-07]
nit: 15

--------------------------------------------------
Function: (a * x1 * x2) + (b * x1^2) + (c * x2^2) + (d * x1) + (e * x2) + f
--------------------------------------------------
RegType: ridge
Inputs: HR, CS
Output: RBI
status: 0
success: True
r_sq: 0.63855711684
njev: 20
nfev: 160
hess_inv: [[  7.06855940e-04  -2.31807563e-05   1.69141135e-04  -1.24002012e-03
   -9.52971758e-03   1.38235408e-02]
 [ -2.31807563e-05   5.48198665e-05  -7.22115451e-05  -1.91932906e-03
    1.83812395e-03   4.02120055e-03]
 [  1.69141135e-04  -7.22115451e-05   1.36797645e-03   3.11896136e-03
   -2.29417974e-02   1.27002835e-02]
 [ -1.24002012e-03  -1.91932906e-03   3.11896136e-03   8.36001028e-02
   -5.73064893e-02  -2.82232534e-01]
 [ -9.52971758e-03   1.83812395e-03  -2.29417974e-02  -5.73064893e-02
    5.26502399e-01  -5.06269278e-01]
 [  1.38235408e-02   4.02120055e-03   1.27002835e-02  -2.82232534e-01
   -5.06269278e-01   4.44259161e+00]]
fun: 58.8717876646
x: [-0.10789827 -0.04020319 -0.10334783  4.43793973  3.81794357  4.64940881]
message: Optimization terminated successfully.
jac: [  0.00000000e+00  -8.10623169e-06   9.53674316e-07   0.00000000e+00
   4.76837158e-07   9.53674316e-07]
nit: 15

--------------------------------------------------
Function: (a * x1 * x2) + (b * x1^2) + (c * x2^2) + (d * x1) + (e * x2) + f
--------------------------------------------------
RegType: ridge
Inputs: H, SH
Output: AB
status: 0
success: True
r_sq: 0.637649159111
njev: 18
nfev: 144
hess_inv: [[  1.11517566e-04  -1.89867542e-06  -7.11320422e-05   2.79981994e-04
   -1.54518926e-02   2.30670253e-04]
 [ -1.89867542e-06   1.88823830e-07  -7.01544205e-07  -3.17337927e-05
    3.14434676e-04   1.89666098e-04]
 [ -7.11320422e-05  -7.01544205e-07   1.65957858e-03   3.18547788e-04
   -1.34715025e-02   1.36929187e-04]
 [  2.79981994e-04  -3.17337927e-05   3.18547788e-04   5.67666512e-03
   -5.20808030e-02  -6.11947116e-02]
 [ -1.54518926e-02   3.14434676e-04  -1.34715025e-02  -5.20808030e-02
    2.59277691e+00  -3.77111026e-02]
 [  2.30670253e-04   1.89666098e-04   1.36929187e-04  -6.11947116e-02
   -3.77111026e-02   4.82372657e+00]]
fun: 276.003411214
x: [ 0.00719688 -0.01058994 -0.04198645  5.20246844  0.90039013  0.54289024]
message: Optimization terminated successfully.
jac: [  0.00000000e+00  -3.81469727e-06  -3.81469727e-06  -3.81469727e-06
   0.00000000e+00  -3.81469727e-06]
nit: 13

--------------------------------------------------
Function: (a * x1 * x2) + (b * x1^2) + (c * x2^2) + (d * x1) + (e * x2) + f
--------------------------------------------------
RegType: ridge
Inputs: H, HBP
Output: AB
status: 0
success: True
r_sq: 0.626511939911
njev: 16
nfev: 128
hess_inv: [[  1.20212621e-04  -3.00676539e-06  -1.04601344e-04   4.31851479e-04
   -1.64597203e-02   2.37445139e-04]
 [ -3.00676539e-06   2.28065588e-07   9.03800082e-07  -3.72613937e-05
    4.52108395e-04   1.93024095e-04]
 [ -1.04601344e-04   9.03800082e-07   1.38492448e-03   2.12869011e-04
   -7.23759549e-03   3.81103978e-05]
 [  4.31851479e-04  -3.72613937e-05   2.12869011e-04   6.56970742e-03
   -7.44663681e-02  -6.26422362e-02]
 [ -1.64597203e-02   4.52108395e-04  -7.23759549e-03  -7.44663681e-02
    2.74359292e+00  -3.74368220e-02]
 [  2.37445139e-04   1.93024095e-04   3.81103978e-05  -6.26422362e-02
   -3.74368220e-02   4.96131534e+00]]
fun: 284.473768722
x: [ -6.90827188e-03  -1.06090919e-02  -2.32306372e-03   5.23982105e+00
   1.07644322e+00   5.43581937e-01]
message: Optimization terminated successfully.
jac: [  0.00000000e+00  -3.81469727e-06  -3.81469727e-06   0.00000000e+00
   0.00000000e+00  -3.81469727e-06]
nit: 12

--------------------------------------------------
Function: (a * x1 * x2) + (b * x1^2) + (c * x2^2) + (d * x1) + (e * x2) + f
--------------------------------------------------
RegType: ridge
Inputs: G, BB
Output: AB
status: 0
success: True
r_sq: 0.623629909394
njev: 23
nfev: 184
hess_inv: [[  3.86102338e-05  -1.46822594e-05  -2.69191553e-06   2.11624137e-03
   -5.39135815e-03  -8.50402848e-05]
 [ -1.46822594e-05   6.72439603e-06   5.00140474e-07  -9.88611683e-04
    2.11743561e-03   2.73209573e-04]
 [ -2.69191553e-06   5.00140474e-07   3.07491067e-06   3.14361970e-06
   -4.23823261e-06  -2.59447284e-07]
 [  2.11624137e-03  -9.88611683e-04   3.14361970e-06   1.48193038e-01
   -3.16640489e-01  -7.43565737e-02]
 [ -5.39135815e-03   2.11743561e-03  -4.23823261e-06  -3.16640489e-01
    8.06886247e-01   1.26731787e-02]
 [ -8.50402848e-05   2.73209573e-04  -2.59447284e-07  -7.43565737e-02
    1.26731787e-02   4.99453114e+00]]
fun: 284.774219232
x: [  1.22736113e-03   4.48699100e-03  -2.90807021e-03   3.17086845e+00
  -3.20186922e-01   1.71002848e-01]
message: Optimization terminated successfully.
jac: [  3.81469727e-06   3.81469727e-06   3.81469727e-06   0.00000000e+00
   3.81469727e-06   0.00000000e+00]
nit: 14

--------------------------------------------------
Function: (a * x1 * x2) + (b * x1^2) + (c * x2^2) + (d * x1) + (e * x2) + f
--------------------------------------------------
RegType: ridge
Inputs: R, avg
Output: H
status: 0
success: True
r_sq: 0.621627121147
njev: 17
nfev: 136
hess_inv: [[  4.83882861e-01  -3.63236769e-04  -4.26525005e-02  -1.05657051e-01
   -3.58906389e-02   2.73487270e-03]
 [ -3.63236769e-04   1.20398257e-06   5.86566300e-05  -1.15172916e-05
    1.85619234e-04   7.09123446e-04]
 [ -4.26525005e-02   5.86566300e-05   3.46350754e+00   1.86352929e-03
    1.86723095e+00  -3.74742909e-01]
 [ -1.05657051e-01  -1.15172916e-05   1.86352929e-03   3.29413838e-02
   -2.24154740e-02  -1.24413659e-01]
 [ -3.58906389e-02   1.85619234e-04   1.86723095e+00  -2.24154740e-02
    2.56676543e+00   4.92504372e-01]
 [  2.73487270e-03   7.09123446e-04  -3.74742909e-01  -1.24413659e-01
    4.92504372e-01   5.01972633e+00]]
fun: 57.2109413038
x: [ 5.58505774 -0.01609747  0.09514584  1.67921438  0.31921224  1.03438683]
message: Optimization terminated successfully.
jac: [  4.76837158e-07  -4.76837158e-07   4.76837158e-07   9.53674316e-07
  -4.76837158e-07   4.76837158e-07]
nit: 14

--------------------------------------------------
Function: (a * x1 * x2) + (b * x1^2) + (c * x2^2) + (d * x1) + (e * x2) + f
--------------------------------------------------
RegType: ridge
Inputs: H, SO
Output: avg
status: 0
success: True
r_sq: 0.613630294233
njev: 25
nfev: 200
hess_inv: [[  2.29502176e-06  -1.15356269e-06   9.35824525e-08   1.80856853e-04
   -3.60060117e-04   1.02836239e-04]
 [ -1.15356269e-06   8.50871029e-07  -3.28578357e-07  -1.53903144e-04
    2.42186945e-04   1.42072857e-04]
 [  9.35824525e-08  -3.28578357e-07   9.13812184e-07   9.75687179e-05
   -1.86287574e-04   2.01707587e-05]
 [  1.80856853e-04  -1.53903144e-04   9.75687179e-05   3.05657056e-02
   -4.77224282e-02  -5.37996908e-02]
 [ -3.60060117e-04   2.42186945e-04  -1.86287574e-04  -4.77224282e-02
    9.07696016e-02  -1.95479498e-02]
 [  1.02836239e-04   1.42072857e-04   2.01707587e-05  -5.37996908e-02
   -1.95479498e-02   4.99195100e+00]]
fun: 7.20069800373e-05
x: [ -1.29398141e-06  -5.88074082e-06  -7.11157281e-07   2.78673385e-03
   1.90065523e-04  -2.09845585e-04]
message: Optimization terminated successfully.
jac: [  3.21142579e-08   5.80912456e-08   2.06719051e-08   3.18323146e-10
   1.81898940e-10   1.81898940e-12]
nit: 14

--------------------------------------------------
Function: (a * x1 * x2) + (b * x1^2) + (c * x2^2) + (d * x1) + (e * x2) + f
--------------------------------------------------
RegType: ridge
Inputs: HR, SB
Output: RBI
status: 0
success: True
r_sq: 0.611952853296
njev: 26
nfev: 208
hess_inv: [[  1.26065046e-04  -1.05203506e-04   5.12787473e-05   3.59485722e-03
   -3.98491447e-03   1.23932443e-04]
 [ -1.05203506e-04   1.43668542e-04  -8.49239008e-05  -5.34835959e-03
    5.68739403e-03  -2.42513300e-04]
 [  5.12787473e-05  -8.49239008e-05   5.80424654e-05   3.38143307e-03
   -3.57190806e-03   1.39827411e-04]
 [  3.59485722e-03  -5.34835959e-03   3.38143307e-03   2.10360877e-01
   -2.22031731e-01   9.55425305e-03]
 [ -3.98491447e-03   5.68739403e-03  -3.57190806e-03  -2.22031731e-01
    2.36508837e-01  -8.43216521e-03]
 [  1.23932443e-04  -2.42513300e-04   1.39827411e-04   9.55425305e-03
   -8.43216521e-03   2.01125287e-03]]
fun: 62.6246792008
x: [-0.03663484 -0.04384324 -0.01099484  4.53360429  1.26572134  5.66262878]
message: Optimization terminated successfully.
jac: [  0.00000000e+00   1.43051147e-06   2.38418579e-06   0.00000000e+00
   4.76837158e-07   4.76837158e-07]
nit: 18

--------------------------------------------------
Function: (a * x1 * x2) + (b * x1^2) + (c * x2^2) + (d * x1) + (e * x2) + f
--------------------------------------------------
RegType: ridge
Inputs: AB, avg
Output: G
status: 0
success: True
r_sq: 0.602364312952
njev: 17
nfev: 136
hess_inv: [[  9.74858658e-03  -1.23717628e-06  -7.12718195e-03  -2.02761160e-03
   -5.05232305e-03  -1.19310506e-03]
 [ -1.23717628e-06   2.41120647e-09   1.36714550e-06  -1.03171901e-06
    4.47706545e-06   1.64544885e-05]
 [ -7.12718195e-03   1.36714550e-06   4.29029706e+00   4.89638525e-04
    1.52009306e+00  -3.51825368e-01]
 [ -2.02761160e-03  -1.03171901e-06   4.89638525e-04   1.18272297e-03
   -3.53793640e-03  -1.78813893e-02]
 [ -5.05232305e-03   4.47706545e-06   1.52009306e+00  -3.53793640e-03
    1.90121581e+00   7.05178136e-01]
 [ -1.19310506e-03   1.64544885e-05  -3.51825368e-01  -1.78813893e-02
    7.05178136e-01   4.82212890e+00]]
fun: 9.69352510117
x: [ -8.89845314e-02  -2.33534621e-04  -2.29893777e-03   4.23362617e-01
  -7.63402587e-03  -8.30754181e-03]
message: Optimization terminated successfully.
jac: [ -9.53674316e-07   8.34465027e-06  -3.57627869e-07  -3.57627869e-07
  -3.57627869e-07  -2.38418579e-07]
nit: 11

--------------------------------------------------
Function: (a * x1 * x2) + (b * x1^2) + (c * x2^2) + (d * x1) + (e * x2) + f
--------------------------------------------------
RegType: ridge
Inputs: G, height
Output: AB
status: 0
success: True
r_sq: 0.601155157538
njev: 23
nfev: 184
hess_inv: [[  1.64616799e-03  -3.88845455e-04  -1.79203912e-03  -6.95370577e-03
    1.85495812e-02   5.02258705e-04]
 [ -3.88845455e-04   1.04866499e-04   3.82888346e-04  -1.99844944e-03
    2.03047723e-03   6.85062591e-05]
 [ -1.79203912e-03   3.82888346e-04   2.16467551e-03   1.92943507e-02
   -4.73937847e-02  -3.23617592e-04]
 [ -6.95370577e-03  -1.99844944e-03   1.92943507e-02   1.06724805e+00
   -1.94182452e+00  -5.60256144e-02]
 [  1.85495812e-02   2.03047723e-03  -4.73937847e-02  -1.94182452e+00
    4.04201653e+00  -2.47017314e-02]
 [  5.02258705e-04   6.85062591e-05  -3.23617592e-04  -5.60256144e-02
   -2.47017314e-02   4.88803528e+00]]
fun: 301.924565972
x: [-0.19817758  0.05618783  0.17084351  2.43461771  2.49858268  0.06730629]
message: Optimization terminated successfully.
jac: [  3.81469727e-06   7.62939453e-06   0.00000000e+00  -3.81469727e-06
   0.00000000e+00   0.00000000e+00]
nit: 15

--------------------------------------------------
Function: (a * x1 * x2) + (b * x1^2) + (c * x2^2) + (d * x1) + (e * x2) + f
--------------------------------------------------
RegType: ridge
Inputs: H, SH
Output: avg
status: 0
success: True
r_sq: 0.599254125091
njev: 18
nfev: 144
hess_inv: [[  1.12907278e-04  -1.92988851e-06  -7.00185914e-05   2.85980428e-04
   -1.56832713e-02   9.77358762e-05]
 [ -1.92988851e-06   1.89548707e-07  -7.31141487e-07  -3.19020195e-05
    3.19669875e-04   1.97420676e-04]
 [ -7.00185914e-05  -7.31141487e-07   1.66027566e-03   3.24005453e-04
   -1.36549493e-02   4.65870079e-05]
 [  2.85980428e-04  -3.19020195e-05   3.24005453e-04   5.71770713e-03
   -5.30841345e-02  -6.33231667e-02]
 [ -1.56832713e-02   3.19669875e-04  -1.36549493e-02  -5.30841345e-02
    2.63128040e+00  -1.58447931e-02]
 [  9.77358762e-05   1.97420676e-04   4.65870079e-05  -6.33231667e-02
   -1.58447931e-02   4.96071847e+00]]
fun: 7.46659262469e-05
x: [ -6.72199368e-06  -6.20265814e-06   1.90887368e-05   2.81161869e-03
   2.18879657e-05  -1.69608134e-04]
message: Optimization terminated successfully.
jac: [ -9.26684152e-09  -4.82428732e-07   1.78170012e-09  -7.93352228e-09
   1.88729246e-08  -2.07301127e-08]
nit: 13

--------------------------------------------------
Function: (a * x1 * x2) + (b * x1^2) + (c * x2^2) + (d * x1) + (e * x2) + f
--------------------------------------------------
RegType: ridge
Inputs: HR, IBB
Output: RBI
status: 0
success: True
r_sq: 0.59433121251
njev: 18
nfev: 144
hess_inv: [[  5.68017553e-04  -1.49687209e-04  -1.64985277e-04   2.68566065e-03
   -8.90902129e-03   5.50555313e-03]
 [ -1.49687209e-04   8.89147734e-05   3.12825711e-05  -2.46320713e-03
    2.71045409e-03   4.44394211e-03]
 [ -1.64985277e-04   3.12825711e-05   1.30214472e-04  -9.72015645e-05
    2.11963557e-04  -4.74251015e-04]
 [  2.68566065e-03  -2.46320713e-03  -9.72015645e-05   8.99072556e-02
   -8.11654159e-02  -2.77380145e-01]
 [ -8.90902129e-03   2.71045409e-03   2.11963557e-04  -8.11654159e-02
    2.84986715e-01  -1.86741987e-01]
 [  5.50555313e-03   4.44394211e-03  -4.74251015e-04  -2.77380145e-01
   -1.86741987e-01   3.84348509e+00]]
fun: 69.1377162124
x: [ -4.58720115e-02  -4.02983106e-02  -3.30539643e-03   4.17708085e+00
   2.11425372e+00   8.45321057e+00]
message: Optimization terminated successfully.
jac: [  0.00000000e+00   9.53674316e-07   0.00000000e+00   0.00000000e+00
   9.53674316e-07   0.00000000e+00]
nit: 12

--------------------------------------------------
